OcutimeStamp,UnityTimeStamp,LeftCollide,RightCollide,CombCollide
27984,63736025180126,DunkleFliesen,DunkleFliesen,DunkleFliesen
27992,63736025180143,None,None,None
28009,63736025180161,Neue B_Ebene_Boden,Neue B_Ebene_Boden,Neue B_Ebene_Boden
28025,63736025180171,Neue B_Ebene_Boden,Neue B_Ebene_Boden,Neue B_Ebene_Boden
28034,63736025180191,Neue B_Ebene_Boden,Neue B_Ebene_Boden,Neue B_Ebene_Boden
28059,63736025180203,Neue B_Ebene_Boden,Neue B_Ebene_Boden,Neue B_Ebene_Boden
28059,63736025180214,Neue B_Ebene_Boden,Neue B_Ebene_Boden,Neue B_Ebene_Boden
28067,63736025180225,Neue B_Ebene_Boden,Neue B_Ebene_Boden,Neue B_Ebene_Boden
28092,63736025180238,LM|GleishäuschenGlas,LM|GleishäuschenGlas,LM|GleishäuschenGlas
28100,63736025180250,LM|GleishäuschenGlas,LM|GleishäuschenWeiß,LM|GleishäuschenGlas
28125,63736025180269,LM|GleishäuschenGlas,LM|GleishäuschenGlas,LM|GleishäuschenGlas
28125,63736025180280,LM|GleishäuschenGlas,LM|GleishäuschenGlas,LM|GleishäuschenGlas
28134,63736025180294,LM|GleishäuschenGlas,LM|GleishäuschenGlas,LM|GleishäuschenGlas
28142,63736025180304,LM|GleishäuschenGlas,LM|GleishäuschenGlas,LM|GleishäuschenGlas
28167,63736025180314,LM|GleishäuschenGlas,LM|GleishäuschenGlas,LM|GleishäuschenGlas
28167,63736025180324,LM|GleishäuschenGlas,LM|GleishäuschenGlas,LM|GleishäuschenGlas
28184,63736025180335,LM|GleishäuschenGlas,LM|GleishäuschenGlas,LM|GleishäuschenGlas
28200,63736025180346,LM|GleishäuschenGlas,LM|GleishäuschenGlas,LM|GleishäuschenGlas
28200,63736025180358,LM|GleishäuschenGlas,LM|GleishäuschenGlas,LM|GleishäuschenGlas
28209,63736025180369,LM|GleishäuschenGlas,LM|GleishäuschenGlas,LM|GleishäuschenGlas
28234,63736025180379,LM|GleishäuschenGlas,LM|GleishäuschenGlas,LM|GleishäuschenGlas
28242,63736025180391,LM|GleishäuschenGlas,LM|GleishäuschenGlas,LM|GleishäuschenGlas
28242,63736025180403,LM|GleishäuschenGlas,LM|GleishäuschenGlas,LM|GleishäuschenGlas
28259,63736025180412,LM|GleishäuschenGlas,LM|GleishäuschenGlas,LM|GleishäuschenGlas
28275,63736025180424,LM|GleishäuschenGlas,LM|GleishäuschenGlas,LM|GleishäuschenGlas
28275,63736025180435,LM|GleishäuschenGlas,LM|GleishäuschenGlas,LM|GleishäuschenGlas
28292,63736025180446,LM|GleishäuschenGlas,LM|GleishäuschenGlas,LM|GleishäuschenGlas
28309,63736025180457,LM|GleishäuschenGlas,LM|GleishäuschenGlas,LM|GleishäuschenGlas
28309,63736025180469,LM|GleishäuschenGlas,LM|GleishäuschenGlas,LM|GleishäuschenGlas
28317,63736025180479,LM|GleishäuschenGlas,LM|GleishäuschenGlas,LM|GleishäuschenGlas
28342,63736025180491,LM|GleishäuschenGlas,LM|GleishäuschenGlas,LM|GleishäuschenGlas
28342,63736025180502,LM|GleishäuschenGlas,LM|GleishäuschenGlas,LM|GleishäuschenGlas
28359,63736025180512,LM|GleishäuschenGlas,LM|GleishäuschenGlas,LM|GleishäuschenGlas
28367,63736025180524,LM|GleishäuschenGlas,LM|GleishäuschenGlas,LM|GleishäuschenGlas
28384,63736025180535,LM|GleishäuschenGlas,LM|GleishäuschenGlas,LM|GleishäuschenGlas
28384,63736025180545,LM|GleishäuschenGlas,LM|GleishäuschenGlas,LM|GleishäuschenGlas
28400,63736025180557,LM|GleishäuschenGlas,LM|GleishäuschenGlas,LM|GleishäuschenGlas
28400,63736025180568,LM|GleishäuschenGlas,LM|GleishäuschenGlas,LM|GleishäuschenGlas
28400,63736025180579,LM|GleishäuschenGlas,LM|GleishäuschenGlas,LM|GleishäuschenGlas
28425,63736025180590,LM|GleishäuschenGlas,LM|GleishäuschenGlas,LM|GleishäuschenGlas
28450,63736025180602,LM|GleishäuschenGlas,LM|GleishäuschenGlas,LM|GleishäuschenGlas
28450,63736025180612,LM|GleishäuschenGlas,LM|GleishäuschenGlas,LM|GleishäuschenGlas
28467,63736025180624,LM|GleishäuschenGlas,LM|GleishäuschenGlas,LM|GleishäuschenGlas
28484,63736025180635,LM|GleishäuschenGlas,LM|GleishäuschenGlas,LM|GleishäuschenGlas
28500,63736025180646,LM|GleishäuschenGlas,LM|GleishäuschenGlas,LM|GleishäuschenGlas
28500,63736025180656,LM|GleishäuschenGlas,LM|GleishäuschenGlas,LM|GleishäuschenGlas
28509,63736025180668,LM|GleishäuschenGlas,LM|GleishäuschenGlas,LM|GleishäuschenGlas
28534,63736025180680,LM|GleishäuschenGlas,LM|GleishäuschenGlas,LM|GleishäuschenGlas
28534,63736025180690,LM|GleishäuschenGlas,LM|GleishäuschenGlas,LM|GleishäuschenGlas
28542,63736025180702,LM|GleishäuschenGlas,LM|GleishäuschenWeiß,LM|GleishäuschenWeiß
28559,63736025180712,LM|GleishäuschenWeiß,LM|GleishäuschenGlas,LM|GleishäuschenGlas
28575,63736025180724,LM|GleishäuschenWeiß,LM|GleishäuschenGlas,LM|GleishäuschenGlas
28575,63736025180736,LM|GleishäuschenWeiß,LM|GleishäuschenGlas,LM|GleishäuschenGlas
28592,63736025180746,LM|GleishäuschenWeiß,LM|GleishäuschenGlas,LM|GleishäuschenWeiß
28600,63736025180758,LM|GleishäuschenWeiß,LM|GleishäuschenWeiß,LM|GleishäuschenWeiß
28600,63736025180768,LM|GleishäuschenWeiß,LM|GleishäuschenWeiß,LM|GleishäuschenWeiß
28617,63736025180779,LM|GleishäuschenWeiß,LM|GleishäuschenWeiß,LM|GleishäuschenWeiß
28625,63736025180791,LM|GleishäuschenGlas,LM|GleishäuschenGlas,LM|GleishäuschenGlas
28625,63736025180802,LM|GleishäuschenGlas,LM|GleishäuschenGlas,LM|GleishäuschenGlas
28650,63736025180812,LM|GleishäuschenWeiß,LM|GleishäuschenGlas,LM|GleishäuschenGlas
28659,63736025180824,LM|GleishäuschenWeiß,LM|GleishäuschenGlas,LM|GleishäuschenWeiß
28684,63736025180835,LM|GleishäuschenGlas,LM|GleishäuschenGlas,LM|GleishäuschenGlas
28684,63736025180846,LM|GleishäuschenGlas,LM|GleishäuschenGlas,LM|GleishäuschenGlas
28692,63736025180857,LM|GleishäuschenGlas,LM|GleishäuschenGlas,LM|GleishäuschenGlas
28717,63736025180868,Neue B_Ebene_Boden,Neue B_Ebene_Boden,Neue B_Ebene_Boden
28717,63736025180879,Neue B_Ebene_Boden,Neue B_Ebene_Boden,Neue B_Ebene_Boden
28734,63736025180890,sÄULE,sÄULE,sÄULE
28750,63736025180900,sÄULE,sÄULE,sÄULE
28750,63736025180912,sÄULE,sÄULE,sÄULE
28767,63736025180923,sÄULE,sÄULE,sÄULE
28784,63736025180934,LM_WerbungGroß,sÄULE,sÄULE
28784,63736025180945,LM_WerbungGroß,sÄULE,sÄULE
28792,63736025180956,sÄULE,sÄULE,sÄULE
28809,63736025180968,sÄULE,sÄULE,sÄULE
28809,63736025180978,sÄULE,sÄULE,sÄULE
28809,63736025180990,sÄULE,sÄULE,sÄULE
28834,63736025181001,sÄULE,sÄULE,sÄULE
28859,63736025181012,sÄULE,sÄULE,sÄULE
28859,63736025181023,sÄULE,sÄULE,sÄULE
28875,63736025181035,sÄULE,sÄULE,sÄULE
28892,63736025181046,sÄULE,sÄULE,sÄULE
28892,63736025181057,sÄULE,LM_WerbungGroß,sÄULE
28909,63736025181069,sÄULE,sÄULE,sÄULE
28925,63736025181080,sÄULE,sÄULE,sÄULE
28925,63736025181091,sÄULE,sÄULE,sÄULE
28934,63736025181102,sÄULE,LM_WerbungGroß,sÄULE
28950,63736025181112,Neue B_Ebene_Boden,LM_WerbungGroß,LM_WerbungGroß
28975,63736025181124,Cube,Cube,Cube
28975,63736025181136,Cube,Cube,Cube
28992,63736025181146,Cube,Cube,Cube
29009,63736025181159,Cube,Cube,Cube
29009,63736025181169,Cube,Cube,Cube
29025,63736025181179,Cube,Cube,Cube
29042,63736025181191,Cube,Cube,Cube
29042,63736025181202,Cube,Cube,Cube
29059,63736025181212,Cube,Cube,Cube
29067,63736025181225,Cube,15_Werbetafel 1 (14),Cube
29067,63736025181236,Cube,15_Werbetafel 1 (14),Cube
29067,63736025181246,Cube,Cube,Cube
29092,63736025181257,15_Werbetafel 1 (14),15_Werbetafel 1 (14),15_Werbetafel 1 (14)
29125,63736025181269,15_Werbetafel 1 (14),LM_Werbetafel_Display,15_Werbetafel 1 (14)
29125,63736025181279,15_Werbetafel 1 (14),LM_Werbetafel_Display,15_Werbetafel 1 (14)
29134,63736025181291,Cube,LM_Werbetafel_Display,15_Werbetafel 1 (14)
29150,63736025181302,15_Werbetafel 1 (14),Cube,15_Werbetafel 1 (14)
29150,63736025181313,15_Werbetafel 1 (14),Cube,Cube
29167,63736025181324,15_Werbetafel 1 (14),15_Werbetafel 1 (14),15_Werbetafel 1 (14)
29184,63736025181335,PlaneSafety 1,15_Werbetafel 1 (14),15_Werbetafel 1 (14)
29184,63736025181346,PlaneSafety 1,15_Werbetafel 1 (14),15_Werbetafel 1 (14)
29209,63736025181357,Cube,15_Werbetafel 1 (14),Cube
29217,63736025181369,Cube,15_Werbetafel 1 (14),Cube
29234,63736025181380,PlaneSafety 1,Cube,15_Werbetafel 1 (14)
29234,63736025181390,PlaneSafety 1,Cube,15_Werbetafel 1 (14)
29242,63736025181402,Neue B_Ebene_Boden,Cube,15_Werbetafel 1 (14)
29259,63736025181413,Neue B_Ebene_Boden,Cube,Cube
29259,63736025181426,Neue B_Ebene_Boden,LM_Werbetafel_Display,PlaneSafety 1
29284,63736025181436,Neue B_Ebene_Boden,Neue B_Ebene_Boden,Neue B_Ebene_Boden
29292,63736025181446,Neue B_Ebene_Boden,Neue B_Ebene_Boden,Neue B_Ebene_Boden
29292,63736025181457,Neue B_Ebene_Boden,Neue B_Ebene_Boden,Neue B_Ebene_Boden
29317,63736025181469,Neue B_Ebene_Boden,Neue B_Ebene_Boden,Neue B_Ebene_Boden
29325,63736025181479,Neue B_Ebene_Boden,Neue B_Ebene_Boden,Neue B_Ebene_Boden
29325,63736025181491,Neue B_Ebene_Boden,Neue B_Ebene_Boden,Neue B_Ebene_Boden
29325,63736025181502,Neue B_Ebene_Boden,Neue B_Ebene_Boden,Neue B_Ebene_Boden
29350,63736025181513,Neue B_Ebene_Boden,Neue B_Ebene_Boden,Neue B_Ebene_Boden
29375,63736025181523,Neue B_Ebene_Boden,Neue B_Ebene_Boden,Neue B_Ebene_Boden
29375,63736025181535,Neue B_Ebene_Boden,Neue B_Ebene_Boden,Neue B_Ebene_Boden
29392,63736025181546,Neue B_Ebene_Boden,Neue B_Ebene_Boden,Neue B_Ebene_Boden
29400,63736025181557,Neue B_Ebene_Boden,Neue B_Ebene_Boden,Neue B_Ebene_Boden
29400,63736025181569,Neue B_Ebene_Boden,Neue B_Ebene_Boden,Neue B_Ebene_Boden
29417,63736025181579,Neue B_Ebene_Boden,Neue B_Ebene_Boden,Neue B_Ebene_Boden
29450,63736025181591,Neue B_Ebene_Boden,Neue B_Ebene_Boden,Neue B_Ebene_Boden
29450,63736025181602,Neue B_Ebene_Boden,Neue B_Ebene_Boden,Neue B_Ebene_Boden
29459,63736025181613,Neue B_Ebene_Boden,Neue B_Ebene_Boden,Neue B_Ebene_Boden
29467,63736025181625,Neue B_Ebene_Boden,Neue B_Ebene_Boden,Neue B_Ebene_Boden
29483,63736025181636,Neue B_Ebene_Boden,Neue B_Ebene_Boden,Neue B_Ebene_Boden
29483,63736025181646,Neue B_Ebene_Boden,Neue B_Ebene_Boden,Neue B_Ebene_Boden
29492,63736025181658,Neue B_Ebene_Boden,Neue B_Ebene_Boden,Neue B_Ebene_Boden
29525,63736025181668,Neue B_Ebene_Boden,Neue B_Ebene_Boden,Neue B_Ebene_Boden
29525,63736025181680,Neue B_Ebene_Boden,Neue B_Ebene_Boden,Neue B_Ebene_Boden
29533,63736025181692,Neue B_Ebene_Boden,Neue B_Ebene_Boden,Neue B_Ebene_Boden
29550,63736025181702,Neue B_Ebene_Boden,Neue B_Ebene_Boden,Neue B_Ebene_Boden
29550,63736025181712,Neue B_Ebene_Boden,Neue B_Ebene_Boden,Neue B_Ebene_Boden
29558,63736025181723,Neue B_Ebene_Boden,Neue B_Ebene_Boden,Neue B_Ebene_Boden
29583,63736025181735,Neue B_Ebene_Boden,Neue B_Ebene_Boden,Neue B_Ebene_Boden
29583,63736025181745,Neue B_Ebene_Boden,Neue B_Ebene_Boden,Neue B_Ebene_Boden
29583,63736025181757,Neue B_Ebene_Boden,Neue B_Ebene_Boden,Neue B_Ebene_Boden
29600,63736025181769,Neue B_Ebene_Boden,Neue B_Ebene_Boden,Neue B_Ebene_Boden
29633,63736025181779,Neue B_Ebene_Boden,Neue B_Ebene_Boden,Neue B_Ebene_Boden
29633,63736025181790,Neue B_Ebene_Boden,Neue B_Ebene_Boden,Neue B_Ebene_Boden
29642,63736025181801,Neue B_Ebene_Boden,Neue B_Ebene_Boden,Neue B_Ebene_Boden
29658,63736025181812,Neue B_Ebene_Boden,Neue B_Ebene_Boden,Neue B_Ebene_Boden
29658,63736025181824,Neue B_Ebene_Boden,Neue B_Ebene_Boden,Neue B_Ebene_Boden
29683,63736025181835,Neue B_Ebene_Boden,Neue B_Ebene_Boden,Neue B_Ebene_Boden
29700,63736025181846,Neue B_Ebene_Boden,Neue B_Ebene_Boden,Neue B_Ebene_Boden
29700,63736025181858,Neue B_Ebene_Boden,Neue B_Ebene_Boden,Neue B_Ebene_Boden
29708,63736025181869,Neue B_Ebene_Boden,Neue B_Ebene_Boden,Neue B_Ebene_Boden
29725,63736025181881,Neue B_Ebene_Boden,Neue B_Ebene_Boden,Neue B_Ebene_Boden
29742,63736025181891,Neue B_Ebene_Boden,Neue B_Ebene_Boden,Neue B_Ebene_Boden
29742,63736025181902,Neue B_Ebene_Boden,Neue B_Ebene_Boden,Neue B_Ebene_Boden
29758,63736025181914,Neue B_Ebene_Boden,Neue B_Ebene_Boden,Neue B_Ebene_Boden
29758,63736025181925,Neue B_Ebene_Boden,Neue B_Ebene_Boden,Neue B_Ebene_Boden
29758,63736025181936,Neue B_Ebene_Boden,Neue B_Ebene_Boden,Neue B_Ebene_Boden
29783,63736025181948,Neue B_Ebene_Boden,Neue B_Ebene_Boden,Neue B_Ebene_Boden
29783,63736025181960,Neue B_Ebene_Boden,Neue B_Ebene_Boden,Neue B_Ebene_Boden
29817,63736025181972,Neue B_Ebene_Boden,Neue B_Ebene_Boden,Neue B_Ebene_Boden
29817,63736025181982,Neue B_Ebene_Boden,Neue B_Ebene_Boden,Neue B_Ebene_Boden
29833,63736025181992,Neue B_Ebene_Boden,Neue B_Ebene_Boden,Neue B_Ebene_Boden
29833,63736025182002,Neue B_Ebene_Boden,Neue B_Ebene_Boden,Neue B_Ebene_Boden
29833,63736025182014,Neue B_Ebene_Boden,Neue B_Ebene_Boden,Neue B_Ebene_Boden
29858,63736025182025,Neue B_Ebene_Boden,Neue B_Ebene_Boden,Neue B_Ebene_Boden
29883,63736025182035,Neue B_Ebene_Boden,Neue B_Ebene_Boden,Neue B_Ebene_Boden
29883,63736025182047,Neue B_Ebene_Boden,Neue B_Ebene_Boden,Neue B_Ebene_Boden
29908,63736025182059,Neue B_Ebene_Boden,Neue B_Ebene_Boden,Neue B_Ebene_Boden
29925,63736025182070,Neue B_Ebene_Boden,Neue B_Ebene_Boden,Neue B_Ebene_Boden
29925,63736025182080,sÄULE (4),sÄULE (4),sÄULE (4)
29950,63736025182092,None,None,None
29958,63736025182103,None,None,None
29967,63736025182117,sÄULE (5),sÄULE (5),sÄULE (5)
29967,63736025182128,33_VitrinenAnWand (2),sÄULE (5),sÄULE (5)
30000,63736025182147,None,None,None
30000,63736025182159,None,None,None
30017,63736025182169,33_VitrinenAnWand (2),33_VitrinenAnWand (2),33_VitrinenAnWand (2)
30033,63736025182180,33_VitrinenAnWand (2),None,33_VitrinenAnWand (2)
30033,63736025182191,33_VitrinenAnWand (2),None,33_VitrinenAnWand (2)
30050,63736025182202,33_VitrinenAnWand (2),33_VitrinenAnWand (2),33_VitrinenAnWand (2)
30067,63736025182213,None,33_VitrinenAnWand (2),None
30067,63736025182223,None,33_VitrinenAnWand (2),None
30075,63736025182235,None,None,None
30092,63736025182245,33_VitrinenAnWand (2),33_VitrinenAnWand (2),33_VitrinenAnWand (2)
30092,63736025182256,33_VitrinenAnWand (2),33_VitrinenAnWand (2),33_VitrinenAnWand (2)
30100,63736025182268,33_VitrinenAnWand (2),33_VitrinenAnWand (2),33_VitrinenAnWand (2)
30125,63736025182279,33_VitrinenAnWand (2),None,33_VitrinenAnWand (2)
30142,63736025182290,None,None,None
30142,63736025182301,None,None,None
30158,63736025182312,None,None,None
30167,63736025182324,None,None,None
30167,63736025182334,None,None,None
30183,63736025182347,None,None,None
30217,63736025182358,33_VitrinenAnWand (2),33_VitrinenAnWand (2),33_VitrinenAnWand (2)
30217,63736025182368,33_VitrinenAnWand (2),33_VitrinenAnWand (2),33_VitrinenAnWand (2)
30217,63736025182379,33_VitrinenAnWand (2),33_VitrinenAnWand (2),33_VitrinenAnWand (2)
30225,63736025182391,33_VitrinenAnWand (2),33_VitrinenAnWand (2),33_VitrinenAnWand (2)
30250,63736025182402,33_VitrinenAnWand (2),33_VitrinenAnWand (2),33_VitrinenAnWand (2)
30250,63736025182413,33_VitrinenAnWand (2),33_VitrinenAnWand (2),33_VitrinenAnWand (2)
30258,63736025182424,33_VitrinenAnWand (2),33_VitrinenAnWand (2),33_VitrinenAnWand (2)
30292,63736025182435,33_VitrinenAnWand (2),33_VitrinenAnWand (2),33_VitrinenAnWand (2)
30292,63736025182446,33_VitrinenAnWand (2),33_VitrinenAnWand (2),33_VitrinenAnWand (2)
30300,63736025182458,33_VitrinenAnWand (2),33_VitrinenAnWand (2),33_VitrinenAnWand (2)
30317,63736025182469,33_VitrinenAnWand (2),33_VitrinenAnWand (2),33_VitrinenAnWand (2)
30317,63736025182479,33_VitrinenAnWand (2),33_VitrinenAnWand (2),33_VitrinenAnWand (2)
30333,63736025182491,33_VitrinenAnWand (2),33_VitrinenAnWand (2),33_VitrinenAnWand (2)
30350,63736025182502,33_VitrinenAnWand (2),33_VitrinenAnWand (2),33_VitrinenAnWand (2)
30358,63736025182514,33_VitrinenAnWand (2),33_VitrinenAnWand (2),33_VitrinenAnWand (2)
30358,63736025182524,33_VitrinenAnWand (2),33_VitrinenAnWand (2),33_VitrinenAnWand (2)
30383,63736025182535,33_VitrinenAnWand (2),33_VitrinenAnWand (2),33_VitrinenAnWand (2)
30392,63736025182546,33_VitrinenAnWand (2),33_VitrinenAnWand (2),33_VitrinenAnWand (2)
30392,63736025182558,33_VitrinenAnWand (2),33_VitrinenAnWand (2),33_VitrinenAnWand (2)
30417,63736025182568,5_Bank (8),5_Bank (8),5_Bank (8)
30425,63736025182579,5_Bank (8),None,5_Bank (7)
30425,63736025182590,5_Bank (8),None,5_Bank (7)
30450,63736025182601,None,None,None
30458,63736025182613,None,None,None
30467,63736025182623,5_Bank (8),None,None
30467,63736025182634,None,None,None
30492,63736025182646,5_Bank (8),5_Bank (8),5_Bank (8)
30500,63736025182657,None,5_Bank (8),5_Bank (8)
30500,63736025182668,None,None,None
30517,63736025182679,None,None,None
30525,63736025182691,None,None,None
30525,63736025182702,None,None,None
30550,63736025182713,Neue B_Ebene_Boden,None,Neue B_Ebene_Boden
30567,63736025182725,Neue B_Ebene_Boden,Neue B_Ebene_Boden,Neue B_Ebene_Boden
30592,63736025182736,Neue B_Ebene_Boden,Neue B_Ebene_Boden,Neue B_Ebene_Boden
30592,63736025182747,Neue B_Ebene_Boden,Neue B_Ebene_Boden,Neue B_Ebene_Boden
30600,63736025182759,Neue B_Ebene_Boden,Neue B_Ebene_Boden,Neue B_Ebene_Boden
30617,63736025182769,Neue B_Ebene_Boden,Neue B_Ebene_Boden,Neue B_Ebene_Boden
30617,63736025182780,Neue B_Ebene_Boden,Neue B_Ebene_Boden,Neue B_Ebene_Boden
30633,63736025182792,Neue B_Ebene_Boden,Neue B_Ebene_Boden,Neue B_Ebene_Boden
30658,63736025182803,Neue B_Ebene_Boden,9_Abfallbehälter (11),Neue B_Ebene_Boden
30658,63736025182814,Neue B_Ebene_Boden,sÄULE (4),Neue B_Ebene_Boden
30675,63736025182825,Neue B_Ebene_Boden,Neue B_Ebene_Boden,Neue B_Ebene_Boden
30692,63736025182836,Neue B_Ebene_Boden,Neue B_Ebene_Boden,Neue B_Ebene_Boden
30692,63736025182846,Neue B_Ebene_Boden,Neue B_Ebene_Boden,Neue B_Ebene_Boden
30708,63736025182857,Neue B_Ebene_Boden,Neue B_Ebene_Boden,Neue B_Ebene_Boden
30717,63736025182868,Neue B_Ebene_Boden,Neue B_Ebene_Boden,Neue B_Ebene_Boden
30717,63736025182879,Neue B_Ebene_Boden,Neue B_Ebene_Boden,Neue B_Ebene_Boden
30733,63736025182891,Neue B_Ebene_Boden,Neue B_Ebene_Boden,Neue B_Ebene_Boden
30750,63736025182901,Neue B_Ebene_Boden,Neue B_Ebene_Boden,Neue B_Ebene_Boden
30767,63736025182913,Neue B_Ebene_Boden,Neue B_Ebene_Boden,Neue B_Ebene_Boden
30767,63736025182925,Neue B_Ebene_Boden,Neue B_Ebene_Boden,Neue B_Ebene_Boden
30783,63736025182935,Neue B_Ebene_Boden,Neue B_Ebene_Boden,Neue B_Ebene_Boden
30792,63736025182947,Neue B_Ebene_Boden,Neue B_Ebene_Boden,Neue B_Ebene_Boden
30817,63736025182958,Neue B_Ebene_Boden,Neue B_Ebene_Boden,Neue B_Ebene_Boden
30817,63736025182969,Neue B_Ebene_Boden,Neue B_Ebene_Boden,Neue B_Ebene_Boden
30825,63736025182980,Neue B_Ebene_Boden,Neue B_Ebene_Boden,Neue B_Ebene_Boden
30833,63736025182991,Neue B_Ebene_Boden,Neue B_Ebene_Boden,Neue B_Ebene_Boden
30833,63736025183002,Neue B_Ebene_Boden,Neue B_Ebene_Boden,Neue B_Ebene_Boden
30858,63736025183013,Neue B_Ebene_Boden,Neue B_Ebene_Boden,Neue B_Ebene_Boden
30867,63736025183024,Neue B_Ebene_Boden,Neue B_Ebene_Boden,Neue B_Ebene_Boden
30883,63736025183037,Neue B_Ebene_Boden,Neue B_Ebene_Boden,Neue B_Ebene_Boden
30883,63736025183047,Neue B_Ebene_Boden,Neue B_Ebene_Boden,Neue B_Ebene_Boden
30900,63736025183059,Neue B_Ebene_Boden,Neue B_Ebene_Boden,Neue B_Ebene_Boden
30900,63736025183069,Neue B_Ebene_Boden,Neue B_Ebene_Boden,Neue B_Ebene_Boden
30900,63736025183080,Neue B_Ebene_Boden,Neue B_Ebene_Boden,Neue B_Ebene_Boden
30925,63736025183090,Neue B_Ebene_Boden,Neue B_Ebene_Boden,Neue B_Ebene_Boden
30958,63736025183101,Neue B_Ebene_Boden,Neue B_Ebene_Boden,Neue B_Ebene_Boden
30958,63736025183112,Neue B_Ebene_Boden,Neue B_Ebene_Boden,Neue B_Ebene_Boden
30967,63736025183124,Neue B_Ebene_Boden,Neue B_Ebene_Boden,Neue B_Ebene_Boden
30983,63736025183135,Neue B_Ebene_Boden,Neue B_Ebene_Boden,Neue B_Ebene_Boden
30983,63736025183146,Neue B_Ebene_Boden,Neue B_Ebene_Boden,Neue B_Ebene_Boden
31008,63736025183158,Neue B_Ebene_Boden,Neue B_Ebene_Boden,Neue B_Ebene_Boden
31016,63736025183169,Neue B_Ebene_Boden,Neue B_Ebene_Boden,Neue B_Ebene_Boden
31016,63736025183181,Neue B_Ebene_Boden,Neue B_Ebene_Boden,Neue B_Ebene_Boden
31016,63736025183191,Neue B_Ebene_Boden,Neue B_Ebene_Boden,Neue B_Ebene_Boden
31025,63736025183202,Neue B_Ebene_Boden,Neue B_Ebene_Boden,Neue B_Ebene_Boden
31058,63736025183213,Neue B_Ebene_Boden,Neue B_Ebene_Boden,Neue B_Ebene_Boden
31058,63736025183223,Neue B_Ebene_Boden,Neue B_Ebene_Boden,Neue B_Ebene_Boden
31083,63736025183235,Neue B_Ebene_Boden,Neue B_Ebene_Boden,Neue B_Ebene_Boden
31091,63736025183246,Neue B_Ebene_Boden,Neue B_Ebene_Boden,Neue B_Ebene_Boden
31091,63736025183257,Neue B_Ebene_Boden,Neue B_Ebene_Boden,Neue B_Ebene_Boden
31116,63736025183269,Neue B_Ebene_Boden,Neue B_Ebene_Boden,Neue B_Ebene_Boden
31125,63736025183279,Neue B_Ebene_Boden,Neue B_Ebene_Boden,Neue B_Ebene_Boden
31125,63736025183290,Neue B_Ebene_Boden,Neue B_Ebene_Boden,Neue B_Ebene_Boden
31133,63736025183301,Neue B_Ebene_Boden,Neue B_Ebene_Boden,Neue B_Ebene_Boden
31150,63736025183312,Neue B_Ebene_Boden,Neue B_Ebene_Boden,Neue B_Ebene_Boden
31175,63736025183323,Neue B_Ebene_Boden,Neue B_Ebene_Boden,Neue B_Ebene_Boden
31175,63736025183335,Neue B_Ebene_Boden,Neue B_Ebene_Boden,Neue B_Ebene_Boden
31183,63736025183345,Neue B_Ebene_Boden,Neue B_Ebene_Boden,Neue B_Ebene_Boden
31208,63736025183357,Neue B_Ebene_Boden,Neue B_Ebene_Boden,Neue B_Ebene_Boden
31208,63736025183368,Neue B_Ebene_Boden,Neue B_Ebene_Boden,Neue B_Ebene_Boden
31225,63736025183379,Neue B_Ebene_Boden,Neue B_Ebene_Boden,Neue B_Ebene_Boden
31233,63736025183391,Neue B_Ebene_Boden,Neue B_Ebene_Boden,Neue B_Ebene_Boden
31233,63736025183402,Neue B_Ebene_Boden,Neue B_Ebene_Boden,Neue B_Ebene_Boden
31250,63736025183413,Neue B_Ebene_Boden,Neue B_Ebene_Boden,Neue B_Ebene_Boden
31258,63736025183425,Neue B_Ebene_Boden,Neue B_Ebene_Boden,Neue B_Ebene_Boden
31258,63736025183435,None,None,None
31291,63736025183446,Neue B_Ebene_Boden,Neue B_Ebene_Boden,Neue B_Ebene_Boden
31300,63736025183458,Neue B_Ebene_Boden,Neue B_Ebene_Boden,Neue B_Ebene_Boden
31316,63736025183469,Neue B_Ebene_Boden,Neue B_Ebene_Boden,Neue B_Ebene_Boden
31316,63736025183480,Neue B_Ebene_Boden,Neue B_Ebene_Boden,Neue B_Ebene_Boden
31333,63736025183491,Neue B_Ebene_Boden,Neue B_Ebene_Boden,Neue B_Ebene_Boden
31350,63736025183503,Neue B_Ebene_Boden,Neue B_Ebene_Boden,Neue B_Ebene_Boden
31350,63736025183512,Neue B_Ebene_Boden,Neue B_Ebene_Boden,Neue B_Ebene_Boden
31366,63736025183524,Neue B_Ebene_Boden,Neue B_Ebene_Boden,Neue B_Ebene_Boden
31391,63736025183535,Neue B_Ebene_Boden,Neue B_Ebene_Boden,Neue B_Ebene_Boden
31400,63736025183546,Neue B_Ebene_Boden,Neue B_Ebene_Boden,Neue B_Ebene_Boden
31400,63736025183557,Neue B_Ebene_Boden,Neue B_Ebene_Boden,Neue B_Ebene_Boden
31408,63736025183569,Neue B_Ebene_Boden,Neue B_Ebene_Boden,Neue B_Ebene_Boden
31425,63736025183580,Neue B_Ebene_Boden,Neue B_Ebene_Boden,Neue B_Ebene_Boden
31425,63736025183591,Neue B_Ebene_Boden,Neue B_Ebene_Boden,Neue B_Ebene_Boden
31441,63736025183601,Neue B_Ebene_Boden,Neue B_Ebene_Boden,Neue B_Ebene_Boden
31441,63736025183612,Neue B_Ebene_Boden,Neue B_Ebene_Boden,Neue B_Ebene_Boden
31441,63736025183624,Neue B_Ebene_Boden,Neue B_Ebene_Boden,Neue B_Ebene_Boden
31458,63736025183634,Neue B_Ebene_Boden,Neue B_Ebene_Boden,Neue B_Ebene_Boden
31483,63736025183646,Neue B_Ebene_Boden,Neue B_Ebene_Boden,Neue B_Ebene_Boden
31508,63736025183657,Neue B_Ebene_Boden,Neue B_Ebene_Boden,Neue B_Ebene_Boden
31533,63736025183675,Neue B_Ebene_Boden,Neue B_Ebene_Boden,Neue B_Ebene_Boden
31550,63736025183689,Neue B_Ebene_Boden,Neue B_Ebene_Boden,Neue B_Ebene_Boden
31550,63736025183700,Neue B_Ebene_Boden,Neue B_Ebene_Boden,Neue B_Ebene_Boden
31566,63736025183711,Neue B_Ebene_Boden,Neue B_Ebene_Boden,Neue B_Ebene_Boden
31591,63736025183723,Neue B_Ebene_Boden,Neue B_Ebene_Boden,Neue B_Ebene_Boden
31591,63736025183734,Neue B_Ebene_Boden,Neue B_Ebene_Boden,Neue B_Ebene_Boden
31608,63736025183745,Neue B_Ebene_Boden,Neue B_Ebene_Boden,Neue B_Ebene_Boden
31625,63736025183757,Neue B_Ebene_Boden,Neue B_Ebene_Boden,Neue B_Ebene_Boden
31625,63736025183767,Neue B_Ebene_Boden,Neue B_Ebene_Boden,Neue B_Ebene_Boden
31633,63736025183779,Neue B_Ebene_Boden,Neue B_Ebene_Boden,Neue B_Ebene_Boden
31658,63736025183790,Neue B_Ebene_Boden,Neue B_Ebene_Boden,Neue B_Ebene_Boden
31666,63736025183802,Neue B_Ebene_Boden,Neue B_Ebene_Boden,Neue B_Ebene_Boden
31666,63736025183814,Neue B_Ebene_Boden,Neue B_Ebene_Boden,Neue B_Ebene_Boden
31683,63736025183825,Neue B_Ebene_Boden,Neue B_Ebene_Boden,Neue B_Ebene_Boden
31700,63736025183836,Neue B_Ebene_Boden,Neue B_Ebene_Boden,Neue B_Ebene_Boden
31700,63736025183845,Neue B_Ebene_Boden,Neue B_Ebene_Boden,Neue B_Ebene_Boden
31716,63736025183857,Neue B_Ebene_Boden,Neue B_Ebene_Boden,Neue B_Ebene_Boden
31733,63736025183867,Neue B_Ebene_Boden,Neue B_Ebene_Boden,Neue B_Ebene_Boden
31733,63736025183879,Neue B_Ebene_Boden,Neue B_Ebene_Boden,Neue B_Ebene_Boden
31750,63736025183890,Neue B_Ebene_Boden,Neue B_Ebene_Boden,Neue B_Ebene_Boden
31766,63736025183900,Neue B_Ebene_Boden,Neue B_Ebene_Boden,Neue B_Ebene_Boden
31766,63736025183912,Neue B_Ebene_Boden,Neue B_Ebene_Boden,Neue B_Ebene_Boden
31783,63736025183923,Neue B_Ebene_Boden,Neue B_Ebene_Boden,Neue B_Ebene_Boden
31800,63736025183934,Neue B_Ebene_Boden,Neue B_Ebene_Boden,Neue B_Ebene_Boden
31800,63736025183945,Neue B_Ebene_Boden,Neue B_Ebene_Boden,Neue B_Ebene_Boden
31816,63736025183956,Neue B_Ebene_Boden,Neue B_Ebene_Boden,Neue B_Ebene_Boden
31833,63736025183968,LM|GleishäuschenGlas,Neue B_Ebene_Boden,Neue B_Ebene_Boden
31850,63736025183978,LM|GleishäuschenGlas,LM|GleishäuschenGlas,LM|GleishäuschenGlas
31850,63736025183989,LM|GleishäuschenGlas,LM|GleishäuschenGlas,LM|GleishäuschenGlas
31858,63736025184000,LM|GleishäuschenGlas,LM|GleishäuschenGlas,LM|GleishäuschenGlas
31875,63736025184011,LM|GleishäuschenGlas,LM|GleishäuschenGlas,LM|GleishäuschenGlas
31875,63736025184022,LM|GleishäuschenGlas,LM|GleishäuschenGlas,LM|GleishäuschenGlas
31891,63736025184034,LM|GleishäuschenGlas,LM|GleishäuschenGlas,LM|GleishäuschenGlas
31908,63736025184044,LM|GleishäuschenGlas,LM|GleishäuschenGlas,LM|GleishäuschenGlas
31908,63736025184055,LM|GleishäuschenGlas,LM|GleishäuschenGlas,LM|GleishäuschenGlas
31925,63736025184067,LM|GleishäuschenGlas,LM|GleishäuschenGlas,LM|GleishäuschenGlas
31941,63736025184078,LM|GleishäuschenGlas,LM|GleishäuschenGlas,LM|GleishäuschenGlas
31958,63736025184090,LM|GleishäuschenGlas,LM|GleishäuschenGlas,LM|GleishäuschenGlas
31958,63736025184100,LM|GleishäuschenGlas,LM|GleishäuschenGlas,LM|GleishäuschenGlas
31975,63736025184112,LM|GleishäuschenGlas,LM|GleishäuschenGlas,LM|GleishäuschenGlas
31991,63736025184124,LM|GleishäuschenGlas,LM|GleishäuschenGlas,LM|GleishäuschenGlas
31991,63736025184134,LM|GleishäuschenGlas,LM|GleishäuschenGlas,LM|GleishäuschenGlas
32000,63736025184146,LM|GleishäuschenGlas,Neue B_Ebene_Boden,LM|GleishäuschenGlas
32016,63736025184158,LM|GleishäuschenGlas,LM|GleishäuschenWeiß,LM|GleishäuschenGlas
32033,63736025184169,LM|GleishäuschenGlas,LM|GleishäuschenWeiß,LM|GleishäuschenGlas
32033,63736025184178,LM|GleishäuschenGlas,LM|GleishäuschenWeiß,LM|GleishäuschenGlas
32050,63736025184190,LM|GleishäuschenGlas,LM|GleishäuschenGlas,LM|GleishäuschenGlas
32066,63736025184202,LM|GleishäuschenGlas,LM|GleishäuschenWeiß,LM|GleishäuschenGlas
32066,63736025184212,LM|GleishäuschenGlas,LM|GleishäuschenGlas,LM|GleishäuschenGlas
32083,63736025184224,LM|GleishäuschenGlas,LM|GleishäuschenGlas,LM|GleishäuschenGlas
32100,63736025184235,LM|GleishäuschenGlas,LM|GleishäuschenGlas,LM|GleishäuschenGlas
32100,63736025184245,LM|GleishäuschenGlas,LM|GleishäuschenGlas,LM|GleishäuschenGlas
32116,63736025184256,LM|GleishäuschenWeiß,LM|GleishäuschenGlas,LM|GleishäuschenGlas
32133,63736025184268,LM|GleishäuschenGlas,LM|GleishäuschenGlas,LM|GleishäuschenGlas
32133,63736025184279,LM|GleishäuschenGlas,LM|GleishäuschenGlas,LM|GleishäuschenGlas
32141,63736025184290,LM|GleishäuschenGlas,LM|GleishäuschenGlas,LM|GleishäuschenGlas
32166,63736025184301,LM|GleishäuschenGlas,LM|GleishäuschenGlas,LM|GleishäuschenGlas
32183,63736025184313,LM|GleishäuschenGlas,LM|GleishäuschenGlas,LM|GleishäuschenGlas
32183,63736025184323,LM|GleishäuschenGlas,LM|GleishäuschenGlas,LM|GleishäuschenGlas
32200,63736025184334,LM|GleishäuschenGlas,LM|GleishäuschenGlas,LM|GleishäuschenGlas
32208,63736025184346,LM|GleishäuschenGlas,LM|GleishäuschenGlas,LM|GleishäuschenGlas
32208,63736025184357,LM|GleishäuschenGlas,LM|GleishäuschenGlas,LM|GleishäuschenGlas
32225,63736025184368,LM|GleishäuschenGlas,LM|GleishäuschenGlas,LM|GleishäuschenGlas
32241,63736025184378,LM|GleishäuschenGlas,LM|GleishäuschenGlas,LM|GleishäuschenGlas
32241,63736025184390,LM|GleishäuschenGlas,LM|GleishäuschenGlas,LM|GleishäuschenGlas
32258,63736025184401,LM|GleishäuschenGlas,LM|GleishäuschenGlas,LM|GleishäuschenGlas
32275,63736025184412,LM|GleishäuschenGlas,LM|GleishäuschenGlas,LM|GleishäuschenGlas
32291,63736025184423,LM|GleishäuschenGlas,LM|GleishäuschenGlas,LM|GleishäuschenGlas
32291,63736025184434,LM|GleishäuschenGlas,LM|GleishäuschenGlas,LM|GleishäuschenGlas
32300,63736025184445,LM|GleishäuschenGlas,LM|GleishäuschenGlas,LM|GleishäuschenGlas
32316,63736025184457,LM|GleishäuschenGlas,LM|GleishäuschenGlas,LM|GleishäuschenWeiß
32316,63736025184468,LM|GleishäuschenGlas,LM|GleishäuschenGlas,LM|GleishäuschenWeiß
32325,63736025184479,LM|GleishäuschenGlas,LM|GleishäuschenGlas,LM|GleishäuschenWeiß
32333,63736025184490,LM|GleishäuschenGlas,LM|GleishäuschenGlas,LM|GleishäuschenGlas
32333,63736025184501,LM|GleishäuschenGlas,LM|GleishäuschenGlas,LM|GleishäuschenGlas
32358,63736025184512,LM|GleishäuschenGlas,LM|GleishäuschenWeiß,LM|GleishäuschenGlas
32366,63736025184524,LM|GleishäuschenGlas,LM|GleishäuschenWeiß,LM|GleishäuschenGlas
32366,63736025184534,LM|GleishäuschenGlas,LM|GleishäuschenGlas,LM|GleishäuschenGlas
32391,63736025184546,LM|GleishäuschenGlas,LM|GleishäuschenWeiß,LM|GleishäuschenGlas
32400,63736025184557,LM|GleishäuschenGlas,LM|GleishäuschenWeiß,LM|GleishäuschenGlas
32400,63736025184568,LM|GleishäuschenGlas,LM|GleishäuschenWeiß,LM|GleishäuschenGlas
32400,63736025184579,LM|GleishäuschenGlas,LM|GleishäuschenWeiß,LM|GleishäuschenGlas
32425,63736025184591,LM|GleishäuschenGlas,LM|GleishäuschenGlas,LM|GleishäuschenGlas
32450,63736025184603,LM|GleishäuschenGlas,LM|GleishäuschenGlas,LM|GleishäuschenWeiß
32450,63736025184613,LM|GleishäuschenGlas,LM|GleishäuschenGlas,LM|GleishäuschenWeiß
32466,63736025184624,LM|GleishäuschenGlas,LM|GleishäuschenGlas,LM|GleishäuschenWeiß
32483,63736025184635,LM|GleishäuschenGlas,Neue B_Ebene_Boden,LM|GleishäuschenWeiß
32483,63736025184646,LM|GleishäuschenGlas,Neue B_Ebene_Boden,LM|GleishäuschenWeiß
32500,63736025184657,Neue B_Ebene_Boden,Neue B_Ebene_Boden,Neue B_Ebene_Boden
32516,63736025184669,Neue B_Ebene_Boden,Neue B_Ebene_Boden,Neue B_Ebene_Boden
32533,63736025184680,LM|GleishäuschenWeiß,Neue B_Ebene_Boden,Neue B_Ebene_Boden
32533,63736025184692,LM|GleishäuschenWeiß,Neue B_Ebene_Boden,Neue B_Ebene_Boden
32549,63736025184703,LM|GleishäuschenWeiß,Neue B_Ebene_Boden,Neue B_Ebene_Boden
32566,63736025184714,LM|GleishäuschenWeiß,Neue B_Ebene_Boden,Neue B_Ebene_Boden
32566,63736025184725,LM|GleishäuschenWeiß,Neue B_Ebene_Boden,Neue B_Ebene_Boden
32583,63736025184736,LM|GleishäuschenWeiß,Neue B_Ebene_Boden,Neue B_Ebene_Boden
32608,63736025184747,LM|GleishäuschenWeiß,Neue B_Ebene_Boden,Neue B_Ebene_Boden
32608,63736025184758,LM|GleishäuschenWeiß,Neue B_Ebene_Boden,Neue B_Ebene_Boden
32616,63736025184768,LM|GleishäuschenWeiß,Neue B_Ebene_Boden,Neue B_Ebene_Boden
32641,63736025184780,Neue B_Ebene_Boden,Neue B_Ebene_Boden,Neue B_Ebene_Boden
32658,63736025184792,Neue B_Ebene_Boden,Neue B_Ebene_Boden,Neue B_Ebene_Boden
32658,63736025184802,Neue B_Ebene_Boden,Neue B_Ebene_Boden,Neue B_Ebene_Boden
32674,63736025184813,Neue B_Ebene_Boden,Neue B_Ebene_Boden,Neue B_Ebene_Boden
32691,63736025184824,LM|GleishäuschenWeiß,Neue B_Ebene_Boden,Neue B_Ebene_Boden
32691,63736025184835,LM|GleishäuschenWeiß,Neue B_Ebene_Boden,Neue B_Ebene_Boden
32699,63736025184845,LM|GleishäuschenWeiß,Neue B_Ebene_Boden,Neue B_Ebene_Boden
32724,63736025184857,LM|GleishäuschenGlas,LM|GleishäuschenGlas,LM|GleishäuschenGlas
32724,63736025184868,LM|GleishäuschenGlas,LM|GleishäuschenGlas,LM|GleishäuschenGlas
32733,63736025184879,LM|GleishäuschenGlas,LM|GleishäuschenGlas,LM|GleishäuschenGlas
32749,63736025184892,LM|GleishäuschenGlas,LM|GleishäuschenGlas,LM|GleishäuschenGlas
32766,63736025184902,LM|GleishäuschenGlas,LM|GleishäuschenGlas,LM|GleishäuschenGlas
32766,63736025184912,LM|GleishäuschenGlas,LM|GleishäuschenGlas,LM|GleishäuschenGlas
32783,63736025184924,LM|GleishäuschenGlas,LM|GleishäuschenGlas,LM|GleishäuschenGlas
32799,63736025184935,LM|GleishäuschenGlas,LM|GleishäuschenGlas,LM|GleishäuschenWeiß
32799,63736025184945,LM|GleishäuschenGlas,LM|GleishäuschenGlas,LM|GleishäuschenWeiß
32808,63736025184956,LM|GleishäuschenGlas,LM|GleishäuschenGlas,LM|GleishäuschenGlas
32833,63736025184967,LM|GleishäuschenGlas,LM|GleishäuschenGlas,LM|GleishäuschenGlas
32833,63736025184979,LM|GleishäuschenGlas,LM|GleishäuschenGlas,LM|GleishäuschenGlas
32849,63736025184990,LM|GleishäuschenGlas,LM|GleishäuschenGlas,LM|GleishäuschenGlas
32866,63736025185001,LM|GleishäuschenGlas,LM|GleishäuschenGlas,LM|GleishäuschenGlas
32883,63736025185012,LM|GleishäuschenGlas,LM|GleishäuschenWeiß,LM|GleishäuschenGlas
32883,63736025185023,LM|GleishäuschenGlas,LM|GleishäuschenWeiß,LM|GleishäuschenGlas
32891,63736025185034,LM|GleishäuschenGlas,LM|GleishäuschenGlas,LM|GleishäuschenGlas
32916,63736025185045,LM|GleishäuschenGlas,LM|GleishäuschenGlas,LM|GleishäuschenGlas
32916,63736025185057,LM|GleishäuschenGlas,LM|GleishäuschenGlas,LM|GleishäuschenGlas
32924,63736025185068,LM|GleishäuschenGlas,LM|GleishäuschenGlas,LM|GleishäuschenGlas
32941,63736025185079,LM|GleishäuschenGlas,LM|GleishäuschenGlas,LM|GleishäuschenGlas
32941,63736025185090,LM|GleishäuschenGlas,LM|GleishäuschenGlas,LM|GleishäuschenGlas
32958,63736025185101,LM|GleishäuschenGlas,LM|GleishäuschenGlas,LM|GleishäuschenGlas
32974,63736025185112,LM|GleishäuschenGlas,LM|GleishäuschenGlas,LM|GleishäuschenGlas
32991,63736025185124,LM|GleishäuschenGlas,LM|GleishäuschenGlas,LM|GleishäuschenGlas
32991,63736025185134,LM|GleishäuschenGlas,LM|GleishäuschenGlas,LM|GleishäuschenGlas
33008,63736025185146,LM|GleishäuschenGlas,LM|GleishäuschenGlas,LM|GleishäuschenGlas
33024,63736025185156,LM|GleishäuschenGlas,LM|GleishäuschenGlas,LM|GleishäuschenGlas
33024,63736025185168,LM|GleishäuschenGlas,LM|GleishäuschenGlas,LM|GleishäuschenGlas
33033,63736025185179,LM|GleishäuschenGlas,LM|GleishäuschenGlas,LM|GleishäuschenGlas
33058,63736025185190,Neue B_Ebene_Boden,Neue B_Ebene_Boden,Neue B_Ebene_Boden
33058,63736025185201,Neue B_Ebene_Boden,Neue B_Ebene_Boden,Neue B_Ebene_Boden
33066,63736025185212,Neue B_Ebene_Boden,Neue B_Ebene_Boden,Neue B_Ebene_Boden
33091,63736025185223,Neue B_Ebene_Boden,Neue B_Ebene_Boden,Neue B_Ebene_Boden
33116,63736025185235,Neue B_Ebene_Boden,Neue B_Ebene_Boden,Neue B_Ebene_Boden
33116,63736025185246,Neue B_Ebene_Boden,Neue B_Ebene_Boden,Neue B_Ebene_Boden
33124,63736025185257,Neue B_Ebene_Boden,Neue B_Ebene_Boden,Neue B_Ebene_Boden
33124,63736025185266,Neue B_Ebene_Boden,Neue B_Ebene_Boden,Neue B_Ebene_Boden
33133,63736025185277,Neue B_Ebene_Boden,Neue B_Ebene_Boden,Neue B_Ebene_Boden
33149,63736025185289,Neue B_Ebene_Boden,Neue B_Ebene_Boden,Neue B_Ebene_Boden
33166,63736025185300,Neue B_Ebene_Boden,Neue B_Ebene_Boden,Neue B_Ebene_Boden
33166,63736025185311,Neue B_Ebene_Boden,Neue B_Ebene_Boden,Neue B_Ebene_Boden
33183,63736025185322,Neue B_Ebene_Boden,Neue B_Ebene_Boden,Neue B_Ebene_Boden
33199,63736025185334,Neue B_Ebene_Boden,Neue B_Ebene_Boden,Neue B_Ebene_Boden
33199,63736025185344,Neue B_Ebene_Boden,Neue B_Ebene_Boden,Neue B_Ebene_Boden
33216,63736025185357,Neue B_Ebene_Boden,Neue B_Ebene_Boden,Neue B_Ebene_Boden
33233,63736025185367,Neue B_Ebene_Boden,Neue B_Ebene_Boden,Neue B_Ebene_Boden
33241,63736025185378,Neue B_Ebene_Boden,Neue B_Ebene_Boden,Neue B_Ebene_Boden
33241,63736025185389,Neue B_Ebene_Boden,Neue B_Ebene_Boden,Neue B_Ebene_Boden
33258,63736025185400,Neue B_Ebene_Boden,Neue B_Ebene_Boden,Neue B_Ebene_Boden
33274,63736025185411,Neue B_Ebene_Boden,Neue B_Ebene_Boden,Neue B_Ebene_Boden
33274,63736025185423,Neue B_Ebene_Boden,Neue B_Ebene_Boden,Neue B_Ebene_Boden
33291,63736025185434,Neue B_Ebene_Boden,Neue B_Ebene_Boden,Neue B_Ebene_Boden
33299,63736025185445,Neue B_Ebene_Boden,Neue B_Ebene_Boden,Neue B_Ebene_Boden
33299,63736025185457,Neue B_Ebene_Boden,Neue B_Ebene_Boden,Neue B_Ebene_Boden
33299,63736025185467,Neue B_Ebene_Boden,Neue B_Ebene_Boden,Neue B_Ebene_Boden
33316,63736025185479,Neue B_Ebene_Boden,Neue B_Ebene_Boden,Neue B_Ebene_Boden
33333,63736025185490,Neue B_Ebene_Boden,Neue B_Ebene_Boden,Neue B_Ebene_Boden
33333,63736025185501,Neue B_Ebene_Boden,Neue B_Ebene_Boden,Neue B_Ebene_Boden
33349,63736025185512,Neue B_Ebene_Boden,Neue B_Ebene_Boden,Neue B_Ebene_Boden
33366,63736025185523,Neue B_Ebene_Boden,Neue B_Ebene_Boden,Neue B_Ebene_Boden
33366,63736025185533,Neue B_Ebene_Boden,Neue B_Ebene_Boden,Neue B_Ebene_Boden
33391,63736025185544,Neue B_Ebene_Boden,Neue B_Ebene_Boden,Neue B_Ebene_Boden
33399,63736025185556,Neue B_Ebene_Boden,Neue B_Ebene_Boden,Neue B_Ebene_Boden
33399,63736025185566,Neue B_Ebene_Boden,Neue B_Ebene_Boden,Neue B_Ebene_Boden
33416,63736025185579,Neue B_Ebene_Boden,Neue B_Ebene_Boden,Neue B_Ebene_Boden
33433,63736025185589,Neue B_Ebene_Boden,Neue B_Ebene_Boden,Neue B_Ebene_Boden
33433,63736025185600,Neue B_Ebene_Boden,Neue B_Ebene_Boden,Neue B_Ebene_Boden
33449,63736025185611,Neue B_Ebene_Boden,Neue B_Ebene_Boden,Neue B_Ebene_Boden
33466,63736025185622,Neue B_Ebene_Boden,Neue B_Ebene_Boden,Neue B_Ebene_Boden
33491,63736025185634,Neue B_Ebene_Boden,Neue B_Ebene_Boden,Neue B_Ebene_Boden
33491,63736025185646,Neue B_Ebene_Boden,Neue B_Ebene_Boden,Neue B_Ebene_Boden
33499,63736025185656,Neue B_Ebene_Boden,Neue B_Ebene_Boden,Neue B_Ebene_Boden
33524,63736025185668,Neue B_Ebene_Boden,Neue B_Ebene_Boden,Neue B_Ebene_Boden
33524,63736025185679,Neue B_Ebene_Boden,Neue B_Ebene_Boden,Neue B_Ebene_Boden
33533,63736025185690,Neue B_Ebene_Boden,Neue B_Ebene_Boden,Neue B_Ebene_Boden
33541,63736025185702,None,Neue B_Ebene_Boden,Neue B_Ebene_Boden
33566,63736025185712,LM|GleishäuschenGlas,LM|GleishäuschenGlas,LM|GleishäuschenGlas
33566,63736025185723,LM|GleishäuschenGlas,LM|GleishäuschenGlas,LM|GleishäuschenGlas
33574,63736025185735,LM|GleishäuschenGlas,LM|GleishäuschenWeiß,LM|GleishäuschenGlas
33599,63736025185746,LM|GleishäuschenGlas,LM|GleishäuschenWeiß,LM|GleishäuschenGlas
33599,63736025185757,LM|GleishäuschenGlas,LM|GleishäuschenWeiß,LM|GleishäuschenGlas
33608,63736025185768,LM|GleishäuschenGlas,LM|GleishäuschenWeiß,LM|GleishäuschenGlas
33633,63736025185779,LM|GleishäuschenGlas,LM|GleishäuschenWeiß,LM|GleishäuschenGlas
33633,63736025185791,LM|GleishäuschenGlas,LM|GleishäuschenWeiß,LM|GleishäuschenGlas
33649,63736025185802,LM|GleishäuschenGlas,LM|GleishäuschenGlas,LM|GleishäuschenGlas
33658,63736025185813,LM|GleishäuschenGlas,LM|GleishäuschenGlas,LM|GleishäuschenGlas
33683,63736025185825,LM|GleishäuschenGlas,LM|GleishäuschenGlas,LM|GleishäuschenGlas
33683,63736025185835,LM|GleishäuschenGlas,LM|GleishäuschenGlas,LM|GleishäuschenGlas
33691,63736025185846,LM|GleishäuschenGlas,LM|GleishäuschenGlas,LM|GleishäuschenGlas
33716,63736025185857,LM|GleishäuschenGlas,LM|GleishäuschenWeiß,LM|GleishäuschenGlas
33716,63736025185869,LM|GleishäuschenGlas,LM|GleishäuschenWeiß,LM|GleishäuschenGlas
33724,63736025185880,LM|GleishäuschenGlas,LM|GleishäuschenWeiß,LM|GleishäuschenGlas
33749,63736025185891,LM|GleishäuschenGlas,LM|GleishäuschenWeiß,LM|GleishäuschenGlas
33749,63736025185902,LM|GleishäuschenGlas,LM|GleishäuschenWeiß,LM|GleishäuschenGlas
33758,63736025185913,LM|GleishäuschenGlas,LM|GleishäuschenWeiß,LM|GleishäuschenGlas
33774,63736025185925,LM|GleishäuschenGlas,LM|GleishäuschenWeiß,LM|GleishäuschenGlas
33774,63736025185934,LM|GleishäuschenGlas,LM|GleishäuschenWeiß,LM|GleishäuschenGlas
33791,63736025185946,LM|GleishäuschenGlas,LM|GleishäuschenWeiß,LM|GleishäuschenGlas
33808,63736025185957,LM|GleishäuschenGlas,LM|GleishäuschenGlas,LM|GleishäuschenGlas
33816,63736025185968,LM|GleishäuschenGlas,LM|GleishäuschenGlas,LM|GleishäuschenGlas
33816,63736025185980,LM|GleishäuschenGlas,LM|GleishäuschenGlas,LM|GleishäuschenGlas
33833,63736025185990,LM|GleishäuschenGlas,LM|GleishäuschenGlas,LM|GleishäuschenGlas
33833,63736025186001,LM|GleishäuschenGlas,LM|GleishäuschenGlas,LM|GleishäuschenGlas
33833,63736025186013,LM|GleishäuschenGlas,LM|GleishäuschenGlas,LM|GleishäuschenGlas
33858,63736025186024,LM|GleishäuschenGlas,LM|GleishäuschenGlas,LM|GleishäuschenGlas
33891,63736025186035,LM|GleishäuschenGlas,LM|GleishäuschenGlas,LM|GleishäuschenGlas
33891,63736025186046,LM|GleishäuschenGlas,LM|GleishäuschenGlas,LM|GleishäuschenGlas
33899,63736025186057,LM|GleishäuschenGlas,LM|GleishäuschenGlas,LM|GleishäuschenGlas
33916,63736025186067,LM|GleishäuschenGlas,LM|GleishäuschenGlas,LM|GleishäuschenGlas
33916,63736025186079,LM|GleishäuschenGlas,LM|GleishäuschenGlas,LM|GleishäuschenGlas
33933,63736025186090,LM|GleishäuschenGlas,LM|GleishäuschenGlas,LM|GleishäuschenGlas
33949,63736025186101,LM|GleishäuschenGlas,LM|GleishäuschenGlas,LM|GleishäuschenGlas
33966,63736025186112,LM|GleishäuschenGlas,LM|GleishäuschenGlas,LM|GleishäuschenGlas
33966,63736025186123,LM|GleishäuschenGlas,LM|GleishäuschenGlas,LM|GleishäuschenGlas
33974,63736025186135,LM|GleishäuschenGlas,LM|GleishäuschenGlas,LM|GleishäuschenGlas
33999,63736025186146,LM|GleishäuschenGlas,LM|GleishäuschenGlas,LM|GleishäuschenGlas
33999,63736025186156,LM|GleishäuschenGlas,LM|GleishäuschenGlas,LM|GleishäuschenGlas
34008,63736025186168,LM|GleishäuschenGlas,LM|GleishäuschenGlas,LM|GleishäuschenGlas
34033,63736025186180,Neue B_Ebene_Boden,Neue B_Ebene_Boden,Neue B_Ebene_Boden
34033,63736025186190,Neue B_Ebene_Boden,Neue B_Ebene_Boden,Neue B_Ebene_Boden
34041,63736025186201,Neue B_Ebene_Boden,Neue B_Ebene_Boden,Neue B_Ebene_Boden
34058,63736025186213,Neue B_Ebene_Boden,Neue B_Ebene_Boden,Neue B_Ebene_Boden
34074,63736025186223,Neue B_Ebene_Boden,Neue B_Ebene_Boden,Neue B_Ebene_Boden
34074,63736025186235,Neue B_Ebene_Boden,Neue B_Ebene_Boden,Neue B_Ebene_Boden
34091,63736025186245,Neue B_Ebene_Boden,Neue B_Ebene_Boden,Neue B_Ebene_Boden
34107,63736025186256,Neue B_Ebene_Boden,Neue B_Ebene_Boden,Neue B_Ebene_Boden
34107,63736025186268,Neue B_Ebene_Boden,Neue B_Ebene_Boden,Neue B_Ebene_Boden
34116,63736025186279,Neue B_Ebene_Boden,Neue B_Ebene_Boden,Neue B_Ebene_Boden
34132,63736025186290,Neue B_Ebene_Boden,Neue B_Ebene_Boden,Neue B_Ebene_Boden
34132,63736025186301,Neue B_Ebene_Boden,Neue B_Ebene_Boden,Neue B_Ebene_Boden
34149,63736025186312,Neue B_Ebene_Boden,Neue B_Ebene_Boden,Neue B_Ebene_Boden
34157,63736025186323,Neue B_Ebene_Boden,Neue B_Ebene_Boden,Neue B_Ebene_Boden
34157,63736025186335,Neue B_Ebene_Boden,Neue B_Ebene_Boden,Neue B_Ebene_Boden
34191,63736025186345,Neue B_Ebene_Boden,Neue B_Ebene_Boden,Neue B_Ebene_Boden
34199,63736025186358,Neue B_Ebene_Boden,Neue B_Ebene_Boden,Neue B_Ebene_Boden
34216,63736025186368,Neue B_Ebene_Boden,Neue B_Ebene_Boden,Neue B_Ebene_Boden
34216,63736025186379,Neue B_Ebene_Boden,Neue B_Ebene_Boden,Neue B_Ebene_Boden
34232,63736025186390,Neue B_Ebene_Boden,Neue B_Ebene_Boden,Neue B_Ebene_Boden
34257,63736025186401,Neue B_Ebene_Boden,Neue B_Ebene_Boden,Neue B_Ebene_Boden
34257,63736025186412,Neue B_Ebene_Boden,Neue B_Ebene_Boden,Neue B_Ebene_Boden
34266,63736025186423,Neue B_Ebene_Boden,Neue B_Ebene_Boden,Neue B_Ebene_Boden
34291,63736025186434,Neue B_Ebene_Boden,Neue B_Ebene_Boden,Neue B_Ebene_Boden
34291,63736025186445,Neue B_Ebene_Boden,Neue B_Ebene_Boden,Neue B_Ebene_Boden
34307,63736025186457,Neue B_Ebene_Boden,Neue B_Ebene_Boden,Neue B_Ebene_Boden
34316,63736025186468,Neue B_Ebene_Boden,Neue B_Ebene_Boden,Neue B_Ebene_Boden
34316,63736025186478,Neue B_Ebene_Boden,Neue B_Ebene_Boden,Neue B_Ebene_Boden
34332,63736025186489,Neue B_Ebene_Boden,Neue B_Ebene_Boden,Neue B_Ebene_Boden
34349,63736025186500,Neue B_Ebene_Boden,Neue B_Ebene_Boden,Neue B_Ebene_Boden
34349,63736025186512,Neue B_Ebene_Boden,Neue B_Ebene_Boden,Neue B_Ebene_Boden
34349,63736025186523,Neue B_Ebene_Boden,Neue B_Ebene_Boden,Neue B_Ebene_Boden
34366,63736025186534,Neue B_Ebene_Boden,Neue B_Ebene_Boden,Neue B_Ebene_Boden
34399,63736025186545,Neue B_Ebene_Boden,Neue B_Ebene_Boden,Neue B_Ebene_Boden
34399,63736025186557,Neue B_Ebene_Boden,Neue B_Ebene_Boden,Neue B_Ebene_Boden
34416,63736025186567,Neue B_Ebene_Boden,Neue B_Ebene_Boden,Neue B_Ebene_Boden
34424,63736025186578,Neue B_Ebene_Boden,Neue B_Ebene_Boden,Neue B_Ebene_Boden
34424,63736025186589,Neue B_Ebene_Boden,Neue B_Ebene_Boden,Neue B_Ebene_Boden
34449,63736025186601,Neue B_Ebene_Boden,Neue B_Ebene_Boden,Neue B_Ebene_Boden
34457,63736025186612,Neue B_Ebene_Boden,Neue B_Ebene_Boden,Neue B_Ebene_Boden
34466,63736025186622,Neue B_Ebene_Boden,Neue B_Ebene_Boden,Neue B_Ebene_Boden
34466,63736025186634,Neue B_Ebene_Boden,Neue B_Ebene_Boden,Neue B_Ebene_Boden
34491,63736025186645,Neue B_Ebene_Boden,Neue B_Ebene_Boden,Neue B_Ebene_Boden
34516,63736025186655,Neue B_Ebene_Boden,Neue B_Ebene_Boden,Neue B_Ebene_Boden
34516,63736025186667,Neue B_Ebene_Boden,Neue B_Ebene_Boden,Neue B_Ebene_Boden
34524,63736025186678,Neue B_Ebene_Boden,Neue B_Ebene_Boden,Neue B_Ebene_Boden
34532,63736025186690,Neue B_Ebene_Boden,Neue B_Ebene_Boden,Neue B_Ebene_Boden
34532,63736025186700,Neue B_Ebene_Boden,Neue B_Ebene_Boden,Neue B_Ebene_Boden
34549,63736025186713,Neue B_Ebene_Boden,Neue B_Ebene_Boden,Neue B_Ebene_Boden
34566,63736025186723,Neue B_Ebene_Boden,Neue B_Ebene_Boden,Neue B_Ebene_Boden
34591,63736025186734,Neue B_Ebene_Boden,Neue B_Ebene_Boden,Neue B_Ebene_Boden
34591,63736025186745,Neue B_Ebene_Boden,Neue B_Ebene_Boden,Neue B_Ebene_Boden
34599,63736025186757,Neue B_Ebene_Boden,Neue B_Ebene_Boden,Neue B_Ebene_Boden
34624,63736025186767,Neue B_Ebene_Boden,Neue B_Ebene_Boden,Neue B_Ebene_Boden
34624,63736025186779,Neue B_Ebene_Boden,Neue B_Ebene_Boden,Neue B_Ebene_Boden
34632,63736025186790,Neue B_Ebene_Boden,Neue B_Ebene_Boden,Neue B_Ebene_Boden
34657,63736025186802,Neue B_Ebene_Boden,Neue B_Ebene_Boden,Neue B_Ebene_Boden
34657,63736025186812,Neue B_Ebene_Boden,Neue B_Ebene_Boden,Neue B_Ebene_Boden
34666,63736025186823,Neue B_Ebene_Boden,Neue B_Ebene_Boden,Neue B_Ebene_Boden
34674,63736025186834,Neue B_Ebene_Boden,Neue B_Ebene_Boden,Neue B_Ebene_Boden
34674,63736025186844,Neue B_Ebene_Boden,Neue B_Ebene_Boden,Neue B_Ebene_Boden
34699,63736025186856,Neue B_Ebene_Boden,Neue B_Ebene_Boden,Neue B_Ebene_Boden
34707,63736025186866,Neue B_Ebene_Boden,Neue B_Ebene_Boden,Neue B_Ebene_Boden
34732,63736025186878,Neue B_Ebene_Boden,Neue B_Ebene_Boden,Neue B_Ebene_Boden
34732,63736025186888,Neue B_Ebene_Boden,Neue B_Ebene_Boden,Neue B_Ebene_Boden
34741,63736025186900,Neue B_Ebene_Boden,Neue B_Ebene_Boden,Neue B_Ebene_Boden
34766,63736025186912,Neue B_Ebene_Boden,Neue B_Ebene_Boden,Neue B_Ebene_Boden
34766,63736025186922,Neue B_Ebene_Boden,Neue B_Ebene_Boden,Neue B_Ebene_Boden
34774,63736025186933,Neue B_Ebene_Boden,Neue B_Ebene_Boden,Neue B_Ebene_Boden
34799,63736025186945,Neue B_Ebene_Boden,Neue B_Ebene_Boden,Neue B_Ebene_Boden
34807,63736025186957,Neue B_Ebene_Boden,Neue B_Ebene_Boden,Neue B_Ebene_Boden
34807,63736025186966,Neue B_Ebene_Boden,Neue B_Ebene_Boden,Neue B_Ebene_Boden
34824,63736025186977,Neue B_Ebene_Boden,Neue B_Ebene_Boden,Neue B_Ebene_Boden
34841,63736025186989,Neue B_Ebene_Boden,Neue B_Ebene_Boden,Neue B_Ebene_Boden
34841,63736025187000,Neue B_Ebene_Boden,Neue B_Ebene_Boden,Neue B_Ebene_Boden
34857,63736025187010,Neue B_Ebene_Boden,Neue B_Ebene_Boden,Neue B_Ebene_Boden
34874,63736025187022,Neue B_Ebene_Boden,Neue B_Ebene_Boden,Neue B_Ebene_Boden
34874,63736025187032,Neue B_Ebene_Boden,Neue B_Ebene_Boden,Neue B_Ebene_Boden
34882,63736025187044,Neue B_Ebene_Boden,Neue B_Ebene_Boden,Neue B_Ebene_Boden
34907,63736025187055,Neue B_Ebene_Boden,Neue B_Ebene_Boden,Neue B_Ebene_Boden
34907,63736025187066,Neue B_Ebene_Boden,Neue B_Ebene_Boden,Neue B_Ebene_Boden
34916,63736025187078,Neue B_Ebene_Boden,Neue B_Ebene_Boden,Neue B_Ebene_Boden
34932,63736025187089,Neue B_Ebene_Boden,Neue B_Ebene_Boden,Neue B_Ebene_Boden
34932,63736025187099,Neue B_Ebene_Boden,Neue B_Ebene_Boden,Neue B_Ebene_Boden
34957,63736025187110,Neue B_Ebene_Boden,Neue B_Ebene_Boden,Neue B_Ebene_Boden
34974,63736025187122,Neue B_Ebene_Boden,Neue B_Ebene_Boden,Neue B_Ebene_Boden
34991,63736025187133,Neue B_Ebene_Boden,Neue B_Ebene_Boden,Neue B_Ebene_Boden
34991,63736025187143,Neue B_Ebene_Boden,Neue B_Ebene_Boden,Neue B_Ebene_Boden
34999,63736025187155,Neue B_Ebene_Boden,Neue B_Ebene_Boden,Neue B_Ebene_Boden
35024,63736025187165,Neue B_Ebene_Boden,Neue B_Ebene_Boden,Neue B_Ebene_Boden
35024,63736025187177,Neue B_Ebene_Boden,Neue B_Ebene_Boden,Neue B_Ebene_Boden
35032,63736025187189,Neue B_Ebene_Boden,Neue B_Ebene_Boden,Neue B_Ebene_Boden
35057,63736025187199,Neue B_Ebene_Boden,Neue B_Ebene_Boden,Neue B_Ebene_Boden
35057,63736025187210,Neue B_Ebene_Boden,Neue B_Ebene_Boden,Neue B_Ebene_Boden
35082,63736025187222,Neue B_Ebene_Boden,Neue B_Ebene_Boden,Neue B_Ebene_Boden
35091,63736025187233,Neue B_Ebene_Boden,Neue B_Ebene_Boden,Neue B_Ebene_Boden
35099,63736025187244,Neue B_Ebene_Boden,Neue B_Ebene_Boden,Neue B_Ebene_Boden
35099,63736025187255,Neue B_Ebene_Boden,Neue B_Ebene_Boden,Neue B_Ebene_Boden
35116,63736025187267,Neue B_Ebene_Boden,Neue B_Ebene_Boden,Neue B_Ebene_Boden
35132,63736025187279,Neue B_Ebene_Boden,Neue B_Ebene_Boden,Neue B_Ebene_Boden
35132,63736025187289,Neue B_Ebene_Boden,Neue B_Ebene_Boden,Neue B_Ebene_Boden
35141,63736025187301,Neue B_Ebene_Boden,Neue B_Ebene_Boden,Neue B_Ebene_Boden
35166,63736025187311,Neue B_Ebene_Boden,Neue B_Ebene_Boden,Neue B_Ebene_Boden
35166,63736025187323,Neue B_Ebene_Boden,Neue B_Ebene_Boden,Neue B_Ebene_Boden
35174,63736025187333,Neue B_Ebene_Boden,Neue B_Ebene_Boden,Neue B_Ebene_Boden
35199,63736025187344,None,Neue B_Ebene_Boden,None
35216,63736025187356,None,Neue B_Ebene_Boden,None
35216,63736025187367,None,Neue B_Ebene_Boden,None
35224,63736025187378,None,Neue B_Ebene_Boden,None
35241,63736025187388,None,Neue B_Ebene_Boden,None
35241,63736025187400,None,Neue B_Ebene_Boden,None
35257,63736025187411,None,Neue B_Ebene_Boden,None
35274,63736025187421,None,Neue B_Ebene_Boden,Neue B_Ebene_Boden
35274,63736025187432,None,Neue B_Ebene_Boden,Neue B_Ebene_Boden
35291,63736025187443,None,Neue B_Ebene_Boden,None
35299,63736025187455,None,Neue B_Ebene_Boden,None
35324,63736025187466,None,Neue B_Ebene_Boden,None
35324,63736025187477,None,Neue B_Ebene_Boden,None
35332,63736025187489,None,Neue B_Ebene_Boden,None
35357,63736025187500,None,Neue B_Ebene_Boden,None
35357,63736025187511,None,Neue B_Ebene_Boden,None
35382,63736025187522,None,Neue B_Ebene_Boden,None
35382,63736025187534,LM|GleishäuschenWeiß,Neue B_Ebene_Boden,None
35382,63736025187545,LM|GleishäuschenWeiß,Neue B_Ebene_Boden,Neue B_Ebene_Boden
35391,63736025187556,None,Neue B_Ebene_Boden,Neue B_Ebene_Boden
35416,63736025187567,LM|GleishäuschenGlas,Neue B_Ebene_Boden,Neue B_Ebene_Boden
35424,63736025187579,Neue B_Ebene_Boden,Neue B_Ebene_Boden,Neue B_Ebene_Boden
35424,63736025187590,Neue B_Ebene_Boden,Neue B_Ebene_Boden,Neue B_Ebene_Boden
35449,63736025187601,Neue B_Ebene_Boden,Neue B_Ebene_Boden,Neue B_Ebene_Boden
35466,63736025187611,Cube,Cube,Cube
35466,63736025187622,Cube,LM_Werbetafel_Display,Cube
35482,63736025187633,Cube,Cube,Cube
35491,63736025187645,Cube,Cube,Cube
35491,63736025187657,Cube,Cube,Cube
35524,63736025187668,LM_Werbetafel_Display,Cube,Cube
35524,63736025187679,Cube,15_Werbetafel 1 (14),LM_Werbetafel_Display
35532,63736025187690,LM_Werbetafel_Display,LM_Werbetafel_Display,LM_Werbetafel_Display
35532,63736025187701,Cube,15_Werbetafel 1 (14),15_Werbetafel 1 (14)
35549,63736025187712,Cube,Cube,Cube
35549,63736025187723,LM_Werbetafel_Display,LM_Werbetafel_Display,LM_Werbetafel_Display
35549,63736025187734,Cube,Cube,Cube
35574,63736025187745,Cube,Cube,Cube
35607,63736025187755,Cube,Cube,Cube
35607,63736025187767,Cube,Cube,Cube
35624,63736025187778,Cube,Cube,Cube
35632,63736025187789,Cube,Cube,Cube
35632,63736025187800,Cube,Cube,Cube
35649,63736025187811,Cube,Cube,Cube
35674,63736025187822,Cube,Cube,Cube
35690,63736025187833,Cube,LM_Werbetafel_Display,Cube
35690,63736025187844,Cube,LM_Werbetafel_Display,Cube
35699,63736025187856,Cube,15_Werbetafel 1 (14),Cube
35724,63736025187868,Cube,Cube,Cube
35724,63736025187879,Cube,Cube,Cube
35732,63736025187890,Cube,Cube,Cube
35749,63736025187900,sÄULE (1),Cube,Cube
35749,63736025187910,sÄULE (1),Cube,Cube
35765,63736025187922,sÄULE (1),Cube,sÄULE (1)
35790,63736025187933,sÄULE (1),Cube,sÄULE (1)
35790,63736025187944,sÄULE (1),Cube,sÄULE (1)
35807,63736025187956,sÄULE (1),sÄULE (1),sÄULE (1)
35815,63736025187966,sÄULE (1),sÄULE (1),sÄULE (1)
35832,63736025187978,Cube,Cube,Cube
35832,63736025187990,Cube,Cube,Cube
35849,63736025188001,sÄULE (1),Cube,Cube
35865,63736025188012,sÄULE (1),Cube,sÄULE (1)
35865,63736025188023,sÄULE (1),Cube,sÄULE (1)
35874,63736025188034,sÄULE (1),Cube,sÄULE (1)
35874,63736025188045,sÄULE (1),sÄULE (1),sÄULE (1)
35874,63736025188055,sÄULE (1),sÄULE (1),sÄULE (1)
35907,63736025188067,sÄULE (1),Cube,sÄULE (1)
35924,63736025188077,sÄULE (1),Cube,sÄULE (1)
35940,63736025188089,sÄULE (1),sÄULE (1),sÄULE (1)
35940,63736025188100,sÄULE (1),sÄULE (1),sÄULE (1)
35957,63736025188111,sÄULE (1),sÄULE (1),sÄULE (1)
35974,63736025188132,sÄULE (1),sÄULE (1),sÄULE (1)
35999,63736025188143,Cube,sÄULE (1),Cube
36015,63736025188155,Cube,Cube,Cube
36015,63736025188166,Cube,Cube,Cube
36024,63736025188177,Cube,Cube,Cube
36040,63736025188188,Cube,Cube,Cube
36057,63736025188202,Cube,Cube,Cube
36057,63736025188212,Cube,Cube,Cube
36065,63736025188224,Cube,Cube,Cube
36090,63736025188236,Cube,Cube,Cube
36099,63736025188256,Cube,sÄULE (1),Cube
36107,63736025188267,sÄULE (1),sÄULE (1),sÄULE (1)
36107,63736025188278,sÄULE (1),sÄULE (1),sÄULE (1)
36132,63736025188289,Neue B_Ebene_Boden,Neue B_Ebene_Boden,Neue B_Ebene_Boden
36157,63736025188300,LM|GleishäuschenGlas,LM|GleishäuschenGlas,LM|GleishäuschenGlas
36165,63736025188311,LM|GleishäuschenWeiß,Neue B_Ebene_Boden,LM|GleishäuschenGlas
36165,63736025188322,LM|GleishäuschenWeiß,Neue B_Ebene_Boden,LM|GleishäuschenGlas
36174,63736025188333,LM|GleishäuschenGlas,Neue B_Ebene_Boden,LM|GleishäuschenWeiß
36199,63736025188344,LM|GleishäuschenGlas,Neue B_Ebene_Boden,Neue B_Ebene_Boden
36199,63736025188356,LM|GleishäuschenGlas,Neue B_Ebene_Boden,Neue B_Ebene_Boden
36215,63736025188368,LM|GleishäuschenGlas,Neue B_Ebene_Boden,LM|GleishäuschenGlas
36224,63736025188380,LM|GleishäuschenGlas,Neue B_Ebene_Boden,Neue B_Ebene_Boden
36249,63736025188390,LM|GleishäuschenGlas,Neue B_Ebene_Boden,Neue B_Ebene_Boden
36249,63736025188401,LM|GleishäuschenGlas,Neue B_Ebene_Boden,Neue B_Ebene_Boden
36257,63736025188412,LM|GleishäuschenWeiß,Neue B_Ebene_Boden,Neue B_Ebene_Boden
36274,63736025188423,LM|GleishäuschenGlas,Neue B_Ebene_Boden,Neue B_Ebene_Boden
36274,63736025188434,LM|GleishäuschenGlas,Neue B_Ebene_Boden,Neue B_Ebene_Boden
36290,63736025188444,LM|GleishäuschenGlas,Neue B_Ebene_Boden,Neue B_Ebene_Boden
36307,63736025188455,LM|GleishäuschenGlas,LM|GleishäuschenGlas,LM|GleishäuschenGlas
36307,63736025188466,LM|GleishäuschenGlas,LM|GleishäuschenGlas,LM|GleishäuschenGlas
36324,63736025188477,LM|GleishäuschenGlas,LM|GleishäuschenGlas,LM|GleishäuschenGlas
36340,63736025188488,LM|GleishäuschenGlas,LM|GleishäuschenGlas,LM|GleishäuschenGlas
36340,63736025188499,LM|GleishäuschenGlas,LM|GleishäuschenGlas,LM|GleishäuschenGlas
36357,63736025188510,LM|GleishäuschenGlas,LM|GleishäuschenGlas,LM|GleishäuschenGlas
36374,63736025188521,LM|GleishäuschenGlas,LM|GleishäuschenGlas,LM|GleishäuschenGlas
36374,63736025188533,LM|GleishäuschenGlas,LM|GleishäuschenGlas,LM|GleishäuschenGlas
36390,63736025188544,LM|GleishäuschenGlas,LM|GleishäuschenGlas,LM|GleishäuschenGlas
36399,63736025188556,LM|GleishäuschenGlas,LM|GleishäuschenGlas,LM|GleishäuschenGlas
36415,63736025188567,LM|GleishäuschenGlas,LM|GleishäuschenGlas,LM|GleishäuschenGlas
36415,63736025188579,LM|GleishäuschenGlas,LM|GleishäuschenGlas,LM|GleishäuschenGlas
36432,63736025188590,LM|GleishäuschenGlas,LM|GleishäuschenGlas,LM|GleishäuschenWeiß
36457,63736025188611,LM|GleishäuschenGlas,Neue B_Ebene_Boden,Neue B_Ebene_Boden
36465,63736025188622,LM|GleishäuschenWeiß,Neue B_Ebene_Boden,Neue B_Ebene_Boden
36482,63736025188632,LM|GleishäuschenGlas,Neue B_Ebene_Boden,Neue B_Ebene_Boden
36482,63736025188643,LM|GleishäuschenGlas,Neue B_Ebene_Boden,Neue B_Ebene_Boden
36499,63736025188654,LM|GleishäuschenGlas,Neue B_Ebene_Boden,Neue B_Ebene_Boden
36515,63736025188666,LM|GleishäuschenGlas,Neue B_Ebene_Boden,Neue B_Ebene_Boden
36515,63736025188676,LM|GleishäuschenWeiß,Neue B_Ebene_Boden,Neue B_Ebene_Boden
36524,63736025188688,LM|GleishäuschenGlas,Neue B_Ebene_Boden,Neue B_Ebene_Boden
36540,63736025188699,LM|GleishäuschenGlas,Neue B_Ebene_Boden,Neue B_Ebene_Boden
36565,63736025188712,LM|GleishäuschenWeiß,Neue B_Ebene_Boden,Neue B_Ebene_Boden
36565,63736025188723,LM|GleishäuschenGlas,Neue B_Ebene_Boden,Neue B_Ebene_Boden
36574,63736025188735,LM|GleishäuschenGlas,Neue B_Ebene_Boden,Neue B_Ebene_Boden
36590,63736025188744,LM|GleishäuschenGlas,Neue B_Ebene_Boden,Neue B_Ebene_Boden
36590,63736025188754,LM|GleishäuschenGlas,Neue B_Ebene_Boden,Neue B_Ebene_Boden
36607,63736025188765,LM|GleishäuschenGlas,Neue B_Ebene_Boden,Neue B_Ebene_Boden
36624,63736025188777,LM|GleishäuschenWeiß,Neue B_Ebene_Boden,LM|GleishäuschenWeiß
36632,63736025188787,LM|GleishäuschenGlas,Neue B_Ebene_Boden,LM|GleishäuschenWeiß
36632,63736025188797,LM|GleishäuschenGlas,Neue B_Ebene_Boden,LM|GleishäuschenWeiß
36649,63736025188809,LM|GleishäuschenGlas,Neue B_Ebene_Boden,LM|GleishäuschenWeiß
36665,63736025188821,LM|GleishäuschenWeiß,Neue B_Ebene_Boden,LM|GleishäuschenWeiß
36665,63736025188832,LM|GleishäuschenWeiß,Neue B_Ebene_Boden,LM|GleishäuschenGlas
36699,63736025188843,LM|GleishäuschenGlas,LM|GleishäuschenGlas,LM|GleishäuschenGlas
36707,63736025188854,LM|GleishäuschenWeiß,LM|GleishäuschenGlas,LM|GleishäuschenWeiß
36707,63736025188864,LM|GleishäuschenWeiß,LM|GleishäuschenGlas,LM|GleishäuschenWeiß
36707,63736025188875,LM|GleishäuschenWeiß,LM|GleishäuschenGlas,LM|GleishäuschenWeiß
36724,63736025188886,LM|GleishäuschenWeiß,LM|GleishäuschenGlas,LM|GleishäuschenGlas
36724,63736025188898,LM|GleishäuschenGlas,LM|GleishäuschenGlas,LM|GleishäuschenGlas
36749,63736025188908,LM|GleishäuschenGlas,LM|GleishäuschenGlas,LM|GleishäuschenGlas
36774,63736025188919,LM|GleishäuschenGlas,LM|GleishäuschenGlas,LM|GleishäuschenGlas
36774,63736025188931,LM|GleishäuschenGlas,LM|GleishäuschenGlas,LM|GleishäuschenGlas
36790,63736025188941,LM|GleishäuschenGlas,LM|GleishäuschenGlas,LM|GleishäuschenWeiß
36799,63736025188952,LM|GleishäuschenGlas,LM|GleishäuschenWeiß,LM|GleishäuschenGlas
36807,63736025188963,LM|GleishäuschenGlas,LM|GleishäuschenGlas,LM|GleishäuschenGlas
36807,63736025188975,LM|GleishäuschenGlas,LM|GleishäuschenWeiß,LM|GleishäuschenGlas
36832,63736025188986,LM|GleishäuschenGlas,LM|GleishäuschenWeiß,LM|GleishäuschenGlas
36849,63736025188996,LM|GleishäuschenGlas,LM|GleishäuschenGlas,LM|GleishäuschenGlas
36849,63736025189008,LM|GleishäuschenGlas,LM|GleishäuschenGlas,LM|GleishäuschenGlas
36865,63736025189019,LM|GleishäuschenGlas,LM|GleishäuschenGlas,LM|GleishäuschenGlas
36882,63736025189031,LM|GleishäuschenGlas,LM|GleishäuschenGlas,LM|GleishäuschenGlas
36882,63736025189042,LM|GleishäuschenGlas,LM|GleishäuschenGlas,LM|GleishäuschenGlas
36899,63736025189053,LM|GleishäuschenGlas,LM|GleishäuschenGlas,LM|GleishäuschenGlas
36915,63736025189065,LM|GleishäuschenGlas,LM|GleishäuschenGlas,LM|GleishäuschenGlas
36932,63736025189075,LM|GleishäuschenGlas,LM|GleishäuschenGlas,LM|GleishäuschenGlas
36932,63736025189087,LM|GleishäuschenGlas,LM|GleishäuschenGlas,LM|GleishäuschenGlas
36949,63736025189097,LM|GleishäuschenWeiß,LM|GleishäuschenGlas,LM|GleishäuschenGlas
36974,63736025189109,LM|GleishäuschenGlas,LM|GleishäuschenGlas,LM|GleishäuschenGlas
36974,63736025189118,LM|GleishäuschenGlas,LM|GleishäuschenGlas,LM|GleishäuschenGlas
36982,63736025189130,None,LM|GleishäuschenGlas,LM|GleishäuschenGlas
37007,63736025189141,None,None,None
37007,63736025189152,None,None,None
37024,63736025189163,PlaneSafety 1 (1),None,None
37032,63736025189175,PlaneSafety 1 (1),PlaneSafety 1 (1),PlaneSafety 1 (1)
37040,63736025189186,PlaneSafety 1 (1),PlaneSafety 1 (1),PlaneSafety 1 (1)
37040,63736025189197,PlaneSafety 1 (1),PlaneSafety 1 (1),PlaneSafety 1 (1)
37049,63736025189208,PlaneSafety 1 (1),PlaneSafety 1 (1),PlaneSafety 1 (1)
37065,63736025189219,PlaneSafety 1 (1),PlaneSafety 1 (1),PlaneSafety 1 (1)
37065,63736025189230,PlaneSafety 1 (1),PlaneSafety 1 (1),PlaneSafety 1 (1)
37082,63736025189241,PlaneSafety 1 (1),None,PlaneSafety 1 (1)
37099,63736025189253,None,PlaneSafety 1 (1),None
37099,63736025189263,None,PlaneSafety 1 (1),None
37099,63736025189275,None,PlaneSafety 1 (1),None
37124,63736025189286,PlaneSafety 1 (1),None,PlaneSafety 1 (1)
37132,63736025189297,PlaneSafety 1 (1),PlaneSafety 1 (1),PlaneSafety 1 (1)
37132,63736025189308,PlaneSafety 1 (1),PlaneSafety 1 (1),PlaneSafety 1 (1)
37157,63736025189320,PlaneSafety 1 (1),PlaneSafety 1 (1),PlaneSafety 1 (1)
37182,63736025189331,None,PlaneSafety 1 (1),PlaneSafety 1 (1)
37182,63736025189342,None,PlaneSafety 1 (1),PlaneSafety 1 (1)
37190,63736025189355,None,None,None
37198,63736025189365,None,None,None
37232,63736025189376,None,PlaneSafety 1 (1),PlaneSafety 1 (1)
37232,63736025189387,None,PlaneSafety 1 (1),PlaneSafety 1 (1)
37248,63736025189400,None,PlaneSafety 1 (1),PlaneSafety 1 (1)
37257,63736025189409,None,PlaneSafety 1 (1),PlaneSafety 1 (1)
37257,63736025189420,None,PlaneSafety 1 (1),PlaneSafety 1 (1)
37273,63736025189432,None,None,None
37290,63736025189443,None,None,None
37290,63736025189454,None,None,None
37298,63736025189466,None,None,None
37315,63736025189477,None,None,None
37332,63736025189488,None,None,None
37332,63736025189499,None,None,None
37348,63736025189510,None,None,None
37373,63736025189521,None,None,None
37373,63736025189532,None,None,None
37390,63736025189543,None,None,None
37398,63736025189554,None,None,None
37398,63736025189565,None,None,None
37415,63736025189577,None,None,None
37423,63736025189589,None,None,None
37423,63736025189598,None,None,None
37423,63736025189610,None,None,None
37457,63736025189621,None,None,None
37482,63736025189632,None,None,None
37482,63736025189644,None,None,None
37498,63736025189655,None,None,None
37515,63736025189666,None,PlaneSafety 1 (1),None
37515,63736025189677,None,PlaneSafety 1 (1),None
37523,63736025189689,None,None,None
37540,63736025189700,None,None,None
37565,63736025189711,None,None,None
37565,63736025189722,PlaneSafety 1 (1),None,PlaneSafety 1 (1)
37582,63736025189733,PlaneSafety 1 (1),PlaneSafety 1 (1),PlaneSafety 1 (1)
37590,63736025189745,None,None,None
37590,63736025189755,None,PlaneSafety 1 (1),None
37607,63736025189766,PlaneSafety 1 (1),PlaneSafety 1 (1),PlaneSafety 1 (1)
37623,63736025189777,None,None,None
37623,63736025189789,None,None,None
37632,63736025189800,None,None,None
37657,63736025189811,None,None,None
37657,63736025189821,None,None,None
37665,63736025189833,LM|GleishäuschenGlas,None,None
37690,63736025189844,LM|GleishäuschenGlas,LM|GleishäuschenGlas,LM|GleishäuschenGlas
37698,63736025189856,LM|GleishäuschenGlas,LM|GleishäuschenGlas,LM|GleishäuschenGlas
37698,63736025189867,LM|GleishäuschenGlas,LM|GleishäuschenGlas,LM|GleishäuschenGlas
37715,63736025189878,LM|GleishäuschenGlas,LM|GleishäuschenGlas,LM|GleishäuschenGlas
37740,63736025189890,LM|GleishäuschenGlas,LM|GleishäuschenGlas,LM|GleishäuschenGlas
37740,63736025189901,LM|GleishäuschenGlas,LM|GleishäuschenGlas,LM|GleishäuschenGlas
37748,63736025189912,Neue B_Ebene_Boden,Neue B_Ebene_Boden,Neue B_Ebene_Boden
37773,63736025189923,Neue B_Ebene_Boden,Neue B_Ebene_Boden,Neue B_Ebene_Boden
37773,63736025189934,Neue B_Ebene_Boden,Neue B_Ebene_Boden,Neue B_Ebene_Boden
37798,63736025189945,Neue B_Ebene_Boden,Neue B_Ebene_Boden,Neue B_Ebene_Boden
37807,63736025189955,Neue B_Ebene_Boden,Neue B_Ebene_Boden,Neue B_Ebene_Boden
37823,63736025189967,Neue B_Ebene_Boden,Neue B_Ebene_Boden,Neue B_Ebene_Boden
37823,63736025189977,Neue B_Ebene_Boden,Neue B_Ebene_Boden,Neue B_Ebene_Boden
37832,63736025189988,Neue B_Ebene_Boden,Neue B_Ebene_Boden,Neue B_Ebene_Boden
37840,63736025190000,None,None,None
37840,63736025190012,sÄULE (4),sÄULE (4),sÄULE (4)
37873,63736025190022,Neue B_Ebene_Boden,sÄULE (4),None
37898,63736025190033,None,None,None
37898,63736025190043,None,None,None
37907,63736025190056,None,None,None
37923,63736025190066,None,None,None
37923,63736025190077,None,sÄULE (4),sÄULE (4)
37940,63736025190089,None,None,None
37965,63736025190100,None,None,None
37965,63736025190110,None,None,None
37973,63736025190123,None,None,None
37982,63736025190136,None,None,None
37998,63736025190155,None,None,None
38032,63736025190176,None,None,None
38032,63736025190187,None,None,None
38040,63736025190199,None,None,None
38065,63736025190209,33_VitrinenAnWand (2),None,33_VitrinenAnWand (2)
38065,63736025190221,33_VitrinenAnWand (2),None,33_VitrinenAnWand (2)
38082,63736025190232,33_VitrinenAnWand (2),None,33_VitrinenAnWand (2)
38090,63736025190243,33_VitrinenAnWand (2),None,33_VitrinenAnWand (2)
38090,63736025190254,33_VitrinenAnWand (2),None,33_VitrinenAnWand (2)
38098,63736025190266,33_VitrinenAnWand (2),33_VitrinenAnWand (2),33_VitrinenAnWand (2)
38123,63736025190277,33_VitrinenAnWand (2),None,33_VitrinenAnWand (2)
38132,63736025190288,33_VitrinenAnWand (2),None,None
38132,63736025190299,None,None,None
38148,63736025190309,None,None,None
38173,63736025190320,33_VitrinenAnWand (2),33_VitrinenAnWand (2),33_VitrinenAnWand (2)
38173,63736025190331,33_VitrinenAnWand (2),33_VitrinenAnWand (2),33_VitrinenAnWand (2)
38190,63736025190342,None,None,None
38207,63736025190353,None,33_VitrinenAnWand (2),None
38207,63736025190365,None,33_VitrinenAnWand (2),None
38223,63736025190376,33_VitrinenAnWand (2),33_VitrinenAnWand (2),33_VitrinenAnWand (2)
38232,63736025190387,33_VitrinenAnWand (2),None,33_VitrinenAnWand (2)
38232,63736025190398,33_VitrinenAnWand (2),None,33_VitrinenAnWand (2)
38232,63736025190409,33_VitrinenAnWand (2),None,33_VitrinenAnWand (2)
38257,63736025190421,33_VitrinenAnWand (2),33_VitrinenAnWand (2),33_VitrinenAnWand (2)
38290,63736025190431,33_VitrinenAnWand (2),33_VitrinenAnWand (2),33_VitrinenAnWand (2)
38290,63736025190442,33_VitrinenAnWand (2),33_VitrinenAnWand (2),33_VitrinenAnWand (2)
38298,63736025190455,33_VitrinenAnWand (2),None,33_VitrinenAnWand (2)
38315,63736025190465,33_VitrinenAnWand (2),33_VitrinenAnWand (2),33_VitrinenAnWand (2)
38315,63736025190476,33_VitrinenAnWand (2),None,33_VitrinenAnWand (2)
38332,63736025190487,33_VitrinenAnWand (2),33_VitrinenAnWand (2),33_VitrinenAnWand (2)
38348,63736025190499,33_VitrinenAnWand (2),33_VitrinenAnWand (2),33_VitrinenAnWand (2)
38348,63736025190508,33_VitrinenAnWand (2),33_VitrinenAnWand (2),33_VitrinenAnWand (2)
38348,63736025190520,33_VitrinenAnWand (2),33_VitrinenAnWand (2),33_VitrinenAnWand (2)
38365,63736025190532,33_VitrinenAnWand (2),33_VitrinenAnWand (2),33_VitrinenAnWand (2)
38398,63736025190543,33_VitrinenAnWand (2),33_VitrinenAnWand (2),33_VitrinenAnWand (2)
38398,63736025190554,33_VitrinenAnWand (2),33_VitrinenAnWand (2),33_VitrinenAnWand (2)
38407,63736025190565,33_VitrinenAnWand (2),33_VitrinenAnWand (2),33_VitrinenAnWand (2)
38423,63736025190576,33_VitrinenAnWand (2),33_VitrinenAnWand (2),33_VitrinenAnWand (2)
38423,63736025190588,33_VitrinenAnWand (2),33_VitrinenAnWand (2),33_VitrinenAnWand (2)
38432,63736025190598,None,None,None
38457,63736025190610,33_VitrinenAnWand (2),33_VitrinenAnWand (2),33_VitrinenAnWand (2)
38457,63736025190621,None,None,None
38482,63736025190632,None,None,None
38490,63736025190643,None,None,None
38498,63736025190654,None,None,None
38498,63736025190667,None,None,None
38515,63736025190677,None,5_Bank (42),None
38532,63736025190688,None,41_Liniennetzplan (5),None
38532,63736025190699,None,41_Liniennetzplan (5),None
38548,63736025190710,None,41_Liniennetzplan (5),None
38565,63736025190722,None,None,None
38565,63736025190733,None,None,None
38590,63736025190744,None,None,41_Liniennetzplan (5)
38598,63736025190757,41_Liniennetzplan (5),41_Liniennetzplan (5),41_Liniennetzplan (5)
38615,63736025190769,41_Liniennetzplan (5),None,None
38632,63736025190788,41_Liniennetzplan (5),None,41_Liniennetzplan (5)
38648,63736025190801,None,41_Liniennetzplan (5),None
38665,63736025190823,None,None,None
38681,63736025190837,None,None,None
38698,63736025190858,None,41_Liniennetzplan (5),None
38723,63736025190880,None,None,None
38731,63736025190903,15_Werbetafel 1 (10),None,15_Werbetafel 1 (10)
38765,63736025190926,None,15_Werbetafel 1 (10),None
38798,63736025190949,None,None,None
38815,63736025190972,None,None,None
38840,63736025190997,None,None,None
38865,63736025191022,None,None,None
38898,63736025191055,33_VitrinenAnWand (5),None,None
38940,63736025191091,sÄULE (9),33_VitrinenAnWand (5),sÄULE (9)
38965,63736025191123,sÄULE (9),None,sÄULE (9)
38998,63736025191157,None,33_VitrinenAnWand (5),None
39048,63736025191200,33_VitrinenAnWand (5),None,33_VitrinenAnWand (5)
39098,63736025191246,sÄULE (9),None,sÄULE (9)
39131,63736025191290,None,None,None
39181,63736025191332,sÄULE (9),None,sÄULE (9)
39223,63736025191377,sÄULE (9),sÄULE (9),sÄULE (9)
39265,63736025191423,273|Mesh|C|GleisabschnittA.001,sÄULE (9),273|Mesh|C|GleisabschnittA.001
39323,63736025191469,None,273|Mesh|C|GleisabschnittA.001,None
39356,63736025191511,None,None,None
39398,63736025191557,None,O_Wayfinding_L_HiLight,None
39440,63736025191602,None,273|Mesh|C|GleisabschnittA.001,None
39506,63736025191644,None,None,None
39556,63736025191690,None,sÄULE (9),None
39590,63736025191734,None,sÄULE (9),None
39640,63736025191778,None,sÄULE (9),None
39681,63736025191826,None,sÄULE (9),None
39731,63736025191866,None,sÄULE (9),None
39781,63736025191911,None,None,None
39806,63736025191957,None,273|Mesh|C|GleisabschnittA.001,None
39856,63736025192000,None,None,None
39906,63736025192045,None,None,None
39956,63736025192090,None,273|Mesh|C|GleisabschnittA.001,None
39990,63736025192134,None,273|Mesh|C|GleisabschnittA.001,None
40031,63736025192178,None,None,None
40081,63736025192222,None,None,None
40131,63736025192267,Neue B_Ebene_Boden,Neue B_Ebene_Boden,Neue B_Ebene_Boden
40165,63736025192309,Neue B_Ebene_Boden,Neue B_Ebene_Boden,Neue B_Ebene_Boden
40206,63736025192357,Neue B_Ebene_Boden,Neue B_Ebene_Boden,Neue B_Ebene_Boden
40239,63736025192393,Neue B_Ebene_Boden,Neue B_Ebene_Boden,Neue B_Ebene_Boden
40239,63736025192415,Neue B_Ebene_Boden,Neue B_Ebene_Boden,Neue B_Ebene_Boden
40256,63736025192437,Neue B_Ebene_Boden,Neue B_Ebene_Boden,Neue B_Ebene_Boden
40298,63736025192461,Neue B_Ebene_Boden,Neue B_Ebene_Boden,Neue B_Ebene_Boden
40323,63736025192484,Neue B_Ebene_Boden,Neue B_Ebene_Boden,Neue B_Ebene_Boden
40348,63736025192511,Neue B_Ebene_Boden,Neue B_Ebene_Boden,Neue B_Ebene_Boden
40373,63736025192548,Neue B_Ebene_Boden,Neue B_Ebene_Boden,Neue B_Ebene_Boden
40414,63736025192571,Neue B_Ebene_Boden,Neue B_Ebene_Boden,Neue B_Ebene_Boden
40439,63736025192593,Neue B_Ebene_Boden,Neue B_Ebene_Boden,Neue B_Ebene_Boden
40464,63736025192615,Neue B_Ebene_Boden,Neue B_Ebene_Boden,Neue B_Ebene_Boden
40489,63736025192638,Neue B_Ebene_Boden,Neue B_Ebene_Boden,Neue B_Ebene_Boden
40514,63736025192662,Neue B_Ebene_Boden,Neue B_Ebene_Boden,Neue B_Ebene_Boden
40531,63736025192683,Neue B_Ebene_Boden,Neue B_Ebene_Boden,Neue B_Ebene_Boden
40556,63736025192704,Neue B_Ebene_Boden,Neue B_Ebene_Boden,Neue B_Ebene_Boden
40581,63736025192728,Neue B_Ebene_Boden,Neue B_Ebene_Boden,Neue B_Ebene_Boden
40598,63736025192747,Neue B_Ebene_Boden,Neue B_Ebene_Boden,Neue B_Ebene_Boden
40614,63736025192769,Neue B_Ebene_Boden,Neue B_Ebene_Boden,Neue B_Ebene_Boden
40648,63736025192792,Neue B_Ebene_Boden,Neue B_Ebene_Boden,Neue B_Ebene_Boden
40664,63736025192816,Neue B_Ebene_Boden,Neue B_Ebene_Boden,Neue B_Ebene_Boden
40698,63736025192837,Neue B_Ebene_Boden,Neue B_Ebene_Boden,Neue B_Ebene_Boden
40714,63736025192859,Neue B_Ebene_Boden,Neue B_Ebene_Boden,Neue B_Ebene_Boden
40723,63736025192882,Neue B_Ebene_Boden,Neue B_Ebene_Boden,Neue B_Ebene_Boden
40756,63736025192903,Neue B_Ebene_Boden,Neue B_Ebene_Boden,Neue B_Ebene_Boden
40764,63736025192926,Neue B_Ebene_Boden,Neue B_Ebene_Boden,Neue B_Ebene_Boden
40806,63736025192949,None,Neue B_Ebene_Boden,None
40823,63736025192971,None,None,None
40831,63736025192994,None,None,None
40864,63736025193018,None,None,None
40889,63736025193040,None,None,None
40914,63736025193062,None,None,None
40931,63736025193086,None,None,None
40981,63736025193134,None,None,None
41023,63736025193178,None,None,None
41073,63736025193221,None,None,None
41114,63736025193265,None,None,None
41156,63736025193311,None,None,None
41198,63736025193355,sÄULE (9),sÄULE (9),sÄULE (9)
41248,63736025193400,sÄULE (9),sÄULE (9),sÄULE (9)
41273,63736025193443,None,sÄULE (9),sÄULE (9)
41348,63736025193489,None,273|Mesh|C|GleisabschnittA.001,None
41381,63736025193532,None,None,None
41448,63736025193576,None,None,None
41481,63736025193620,None,None,None
41531,63736025193665,None,O_Wayfinding_L_HiLight,None
41564,63736025193709,None,O_Wayfinding_L_HiLight,None
41623,63736025193755,None,None,None
41656,63736025193798,273|Mesh|C|GleisabschnittA.001,273|Mesh|C|GleisabschnittA.001,273|Mesh|C|GleisabschnittA.001
41706,63736025193843,273|Mesh|C|GleisabschnittA.001,273|Mesh|C|GleisabschnittA.001,273|Mesh|C|GleisabschnittA.001
41756,63736025193888,None,273|Mesh|C|GleisabschnittA.001,273|Mesh|C|GleisabschnittA.001
41789,63736025193932,None,273|Mesh|C|GleisabschnittA.001,273|Mesh|C|GleisabschnittA.001
41831,63736025193974,None,273|Mesh|C|GleisabschnittA.001,273|Mesh|C|GleisabschnittA.001
41881,63736025194022,None,273|Mesh|C|GleisabschnittA.001,273|Mesh|C|GleisabschnittA.001
41931,63736025194065,None,273|Mesh|C|GleisabschnittA.001,None
41972,63736025194109,None,273|Mesh|C|GleisabschnittA.001,273|Mesh|C|GleisabschnittA.001
42006,63736025194153,None,273|Mesh|C|GleisabschnittA.001,None
42056,63736025194198,O_Wayfinding_L_HiLight,273|Mesh|C|GleisabschnittA.001,None
42106,63736025194242,None,273|Mesh|C|GleisabschnittA.001,None
42147,63736025194287,None,273|Mesh|C|GleisabschnittA.001,None
42197,63736025194331,O_Wayfinding_L_HiLight,273|Mesh|C|GleisabschnittA.001,None
42231,63736025194377,273|Mesh|C|GleisabschnittA.001,None,None
42272,63736025194421,273|Mesh|C|GleisabschnittA.001,None,None
42306,63736025194466,273|Mesh|C|GleisabschnittA.001,None,None
42356,63736025194510,273|Mesh|C|GleisabschnittA.001,None,None
42389,63736025194554,None,None,None
42439,63736025194598,None,None,None
42489,63736025194642,None,O_Wayfinding_L_HiLight,None
42539,63736025194686,None,273|Mesh|C|GleisabschnittA.001,273|Mesh|C|GleisabschnittA.001
42589,63736025194733,None,273|Mesh|C|GleisabschnittA.001,None
42631,63736025194775,None,273|Mesh|C|GleisabschnittA.001,None
42672,63736025194819,None,None,None
42706,63736025194841,None,None,None
42739,63736025194885,None,273|Mesh|C|GleisabschnittA.001,None
42781,63736025194931,None,None,None
42831,63736025194974,None,None,None
42881,63736025195018,None,None,None
42897,63736025195042,None,None,None
42947,63736025195088,None,273|Mesh|C|GleisabschnittA.001,None
42997,63736025195133,None,None,None
43039,63736025195177,None,None,None
43072,63736025195220,None,None,None
43114,63736025195262,None,None,None
43164,63736025195307,None,None,None
43197,63736025195333,None,None,None
43231,63736025195376,None,None,None
43264,63736025195398,None,None,None
43289,63736025195441,None,None,None
43305,63736025195464,None,None,None
43364,63736025195507,None,None,None
43372,63736025195532,None,None,None
43430,63736025195575,None,None,None
43439,63736025195599,None,None,None
43480,63736025195641,None,None,None
43530,63736025195685,None,None,None
43547,63736025195709,None,None,None
43605,63736025195752,None,None,None
43655,63736025195796,None,None,None
43672,63736025195818,None,None,None
43722,63736025195864,None,None,None
43755,63736025195888,None,None,None
43780,63736025195931,None,O_Wayfinding_L_HiLight,None
43830,63736025195975,None,None,None
43864,63736025195997,None,None,None
43897,63736025196042,None,None,None
43930,63736025196064,None,None,None
43972,63736025196109,None,None,None
43997,63736025196133,None,O_Wayfinding_L_HiLight,None
44039,63736025196174,Cube (1),Cube (1),Cube (1)
44055,63736025196198,39_Abzug (2),sÄULE (17),39_Abzug (2)
44105,63736025196242,39_Abzug (2),sÄULE (13),None
44155,63736025196286,39_Abzug (2),273|Mesh|C|GleisabschnittA.001,39_Abzug (2)
44197,63736025196330,sÄULE (17),sÄULE (13),Cube (1)
44205,63736025196353,None,Cube (1),Cube (1)
44222,63736025196398,39_Abzug (2),39_Abzug (2),39_Abzug (2)
44297,63736025196439,None,39_Abzug (2),39_Abzug (2)
44314,63736025196463,15_Werbetafel 1 (12),39_Abzug (2),None
44347,63736025196507,39_Abzug (3),39_Abzug (3),39_Abzug (3)
44372,63736025196529,273|Mesh|C|GleisabschnittA.001,None,273|Mesh|C|GleisabschnittA.001
44405,63736025196553,None,O_Wayfinding_L_HiLight,None
44455,63736025196597,None,O_Wayfinding_L_HiLight,O_Wayfinding_L_HiLight
44472,63736025196641,None,O_Wayfinding_L_HiLight,O_Wayfinding_L_HiLight
44530,63736025196688,None,O_Wayfinding_L_HiLight,None
44572,63736025196729,None,None,None
44597,63736025196753,None,None,None
44655,63736025196795,None,6_DigitaleS-BahnAnzeige,None
44672,63736025196818,None,6_DigitaleS-BahnAnzeige,None
44714,63736025196863,None,6_DigitaleS-BahnAnzeige,None
44747,63736025196889,6_DigitaleS-BahnAnzeige,None,6_DigitaleS-BahnAnzeige
44780,63736025196929,41_Liniennetzplan,None,None
44814,63736025196952,None,None,None
44863,63736025196997,41_Liniennetzplan,None,None
44897,63736025197041,5_Bank (2),None,None
44938,63736025197085,41_Liniennetzplan,None,None
44988,63736025197129,None,None,None
45038,63736025197173,sÄULE (9),sÄULE (9),sÄULE (9)
45072,63736025197218,O_Wayfinding_L_HiLight,O_Wayfinding_L_HiLight,O_Wayfinding_L_HiLight
45105,63736025197243,sÄULE (9),sÄULE (9),sÄULE (9)
45147,63736025197285,sÄULE (9),sÄULE (9),sÄULE (9)
45180,63736025197328,sÄULE (9),sÄULE (9),sÄULE (9)
45230,63736025197373,sÄULE (9),sÄULE (9),sÄULE (9)
45263,63736025197397,sÄULE (9),sÄULE (9),sÄULE (9)
45305,63736025197440,sÄULE (9),sÄULE (9),sÄULE (9)
45338,63736025197485,sÄULE (9),sÄULE (9),sÄULE (9)
45372,63736025197530,sÄULE (9),sÄULE (9),sÄULE (9)
45430,63736025197574,O_Wayfinding_L_HiLight,O_Wayfinding_L_HiLight,O_Wayfinding_L_HiLight
45480,63736025197618,None,O_Wayfinding_L_HiLight,None
45497,63736025197642,None,O_Wayfinding_L_HiLight,O_Wayfinding_L_HiLight
45522,63736025197687,None,O_Wayfinding_L_HiLight,None
45588,63736025197730,None,O_Wayfinding_L_HiLight,O_Wayfinding_L_HiLight
45613,63736025197772,None,O_Wayfinding_L_HiLight,O_Wayfinding_L_HiLight
45647,63736025197794,sÄULE (9),sÄULE (9),sÄULE (9)
45663,63736025197816,sÄULE (9),sÄULE (9),sÄULE (9)
45688,63736025197840,sÄULE (9),sÄULE (9),sÄULE (9)
45730,63736025197883,sÄULE (9),sÄULE (9),sÄULE (9)
45763,63736025197908,sÄULE (9),sÄULE (9),sÄULE (9)
45813,63736025197952,sÄULE (9),None,sÄULE (9)
45847,63736025197997,sÄULE (9),None,None
45888,63736025198038,sÄULE (9),None,None
45930,63736025198084,sÄULE (9),None,sÄULE (9)
45980,63736025198129,None,33_VitrinenAnWand (5),None
46030,63736025198173,33_VitrinenAnWand (5),33_VitrinenAnWand (5),33_VitrinenAnWand (5)
46038,63736025198200,33_VitrinenAnWand (5),33_VitrinenAnWand (5),33_VitrinenAnWand (5)
46063,63736025198240,33_VitrinenAnWand (5),33_VitrinenAnWand (5),33_VitrinenAnWand (5)
46138,63736025198284,33_VitrinenAnWand (5),33_VitrinenAnWand (5),33_VitrinenAnWand (5)
46163,63736025198330,33_VitrinenAnWand (5),33_VitrinenAnWand (5),33_VitrinenAnWand (5)
46222,63736025198373,33_VitrinenAnWand (5),33_VitrinenAnWand (5),33_VitrinenAnWand (5)
46238,63736025198395,None,None,None
46263,63736025198418,Cube (1),39_Abzug (3),Cube (1)
46305,63736025198463,39_Abzug (3),33_VitrinenAnWand (10),39_Abzug (3)
46330,63736025198486,39_Abzug (3),39_Abzug (3),39_Abzug (3)
46363,63736025198530,Cube (1),39_Abzug (3),39_Abzug (3)
46421,63736025198574,Cube (1),39_Abzug (3),39_Abzug (3)
46480,63736025198617,39_Abzug (3),Cube (1),39_Abzug (3)
46513,63736025198661,sÄULE (17),sÄULE (17),sÄULE (17)
46563,63736025198705,sÄULE (17),sÄULE (17),sÄULE (17)
46613,63736025198752,sÄULE (17),sÄULE (22),sÄULE (17)
46663,63736025198794,Neue B_Ebene_Boden,sÄULE (22),sÄULE (17)
46671,63736025198819,Neue B_Ebene_Boden,sÄULE (22),sÄULE (17)
46721,63736025198862,None,None,None
46738,63736025198886,None,None,None
46788,63736025198929,None,None,None
46838,63736025198972,None,273|Mesh|C|GleisabschnittA.001,None
46846,63736025198995,None,273|Mesh|C|GleisabschnittA.001,None
46896,63736025199041,None,273|Mesh|C|GleisabschnittA.001,None
46946,63736025199082,None,273|Mesh|C|GleisabschnittA.001,273|Mesh|C|GleisabschnittA.001
46988,63736025199127,O_Wayfinding_L_HiLight,None,None
47005,63736025199151,O_Wayfinding_L_HiLight,None,None
47013,63736025199193,O_Wayfinding_L_HiLight,None,None
47030,63736025199216,O_Wayfinding_L_HiLight,O_Wayfinding_L_HiLight,O_Wayfinding_L_HiLight
47088,63736025199238,None,O_Wayfinding_L_HiLight,O_Wayfinding_L_HiLight
47105,63736025199259,O_Wayfinding_L_HiLight,O_Wayfinding_L_HiLight,O_Wayfinding_L_HiLight
47163,63736025199305,O_Wayfinding_L_HiLight,O_Wayfinding_L_HiLight,O_Wayfinding_L_HiLight
47196,63736025199330,O_Wayfinding_L_HiLight,O_Wayfinding_L_HiLight,O_Wayfinding_L_HiLight
47221,63736025199370,273|Mesh|C|GleisabschnittA.001,273|Mesh|C|GleisabschnittA.001,273|Mesh|C|GleisabschnittA.001
47255,63736025199392,273|Mesh|C|GleisabschnittA.001,273|Mesh|C|GleisabschnittA.001,273|Mesh|C|GleisabschnittA.001
47263,63736025199413,273|Mesh|C|GleisabschnittA.001,273|Mesh|C|GleisabschnittA.001,273|Mesh|C|GleisabschnittA.001
47280,63736025199437,273|Mesh|C|GleisabschnittA.001,273|Mesh|C|GleisabschnittA.001,273|Mesh|C|GleisabschnittA.001
47296,63736025199458,273|Mesh|C|GleisabschnittA.001,273|Mesh|C|GleisabschnittA.001,273|Mesh|C|GleisabschnittA.001
47321,63736025199480,273|Mesh|C|GleisabschnittA.001,273|Mesh|C|GleisabschnittA.001,273|Mesh|C|GleisabschnittA.001
47363,63736025199503,273|Mesh|C|GleisabschnittA.001,273|Mesh|C|GleisabschnittA.001,273|Mesh|C|GleisabschnittA.001
47371,63736025199524,273|Mesh|C|GleisabschnittA.001,273|Mesh|C|GleisabschnittA.001,273|Mesh|C|GleisabschnittA.001
47388,63736025199546,273|Mesh|C|GleisabschnittA.001,273|Mesh|C|GleisabschnittA.001,273|Mesh|C|GleisabschnittA.001
47405,63736025199569,273|Mesh|C|GleisabschnittA.001,273|Mesh|C|GleisabschnittA.001,273|Mesh|C|GleisabschnittA.001
47430,63736025199590,273|Mesh|C|GleisabschnittA.001,273|Mesh|C|GleisabschnittA.001,273|Mesh|C|GleisabschnittA.001
47438,63736025199611,273|Mesh|C|GleisabschnittA.001,273|Mesh|C|GleisabschnittA.001,273|Mesh|C|GleisabschnittA.001
47471,63736025199633,O_Wayfinding_L_HiLight,O_Wayfinding_L_HiLight,O_Wayfinding_L_HiLight
47505,63736025199655,O_Wayfinding_L_HiLight,O_Wayfinding_L_HiLight,O_Wayfinding_L_HiLight
47530,63736025199679,O_Wayfinding_L_HiLight,O_Wayfinding_L_HiLight,O_Wayfinding_L_HiLight
47546,63736025199704,O_Wayfinding_L_HiLight,O_Wayfinding_L_HiLight,O_Wayfinding_L_HiLight
47563,63736025199722,O_Wayfinding_L_HiLight,O_Wayfinding_L_HiLight,O_Wayfinding_L_HiLight
47596,63736025199744,O_Wayfinding_L_HiLight,O_Wayfinding_L_HiLight,O_Wayfinding_L_HiLight
47613,63736025199767,O_Wayfinding_L_HiLight,O_Wayfinding_L_HiLight,O_Wayfinding_L_HiLight
47638,63736025199788,O_Wayfinding_L_HiLight,O_Wayfinding_L_HiLight,O_Wayfinding_L_HiLight
47655,63736025199810,O_Wayfinding_L_HiLight,O_Wayfinding_L_HiLight,O_Wayfinding_L_HiLight
47671,63736025199832,O_Wayfinding_L_HiLight,O_Wayfinding_L_HiLight,O_Wayfinding_L_HiLight
47721,63736025199854,O_Wayfinding_L_HiLight,O_Wayfinding_L_HiLight,O_Wayfinding_L_HiLight
47730,63736025199876,O_Wayfinding_L_HiLight,O_Wayfinding_L_HiLight,O_Wayfinding_L_HiLight
47746,63736025199899,O_Wayfinding_L_HiLight,O_Wayfinding_L_HiLight,O_Wayfinding_L_HiLight
47771,63736025199921,O_Wayfinding_L_HiLight,O_Wayfinding_L_HiLight,O_Wayfinding_L_HiLight
47780,63736025199943,O_Wayfinding_L_HiLight,O_Wayfinding_L_HiLight,O_Wayfinding_L_HiLight
47821,63736025199965,O_Wayfinding_L_HiLight,O_Wayfinding_L_HiLight,O_Wayfinding_L_HiLight
47838,63736025199987,O_Wayfinding_L_HiLight,O_Wayfinding_L_HiLight,O_Wayfinding_L_HiLight
47863,63736025200009,O_Wayfinding_L_HiLight,O_Wayfinding_L_HiLight,O_Wayfinding_L_HiLight
47880,63736025200032,O_Wayfinding_L_HiLight,O_Wayfinding_L_HiLight,O_Wayfinding_L_HiLight
47888,63736025200053,O_Wayfinding_L_HiLight,O_Wayfinding_L_HiLight,O_Wayfinding_L_HiLight
47929,63736025200077,O_Wayfinding_L_HiLight,O_Wayfinding_L_HiLight,O_Wayfinding_L_HiLight
47938,63736025200100,O_Wayfinding_L_HiLight,O_Wayfinding_L_HiLight,O_Wayfinding_L_HiLight
47971,63736025200120,O_Wayfinding_L_HiLight,O_Wayfinding_L_HiLight,O_Wayfinding_L_HiLight
47996,63736025200145,O_Wayfinding_L_HiLight,O_Wayfinding_L_HiLight,O_Wayfinding_L_HiLight
48004,63736025200165,O_Wayfinding_L_HiLight,O_Wayfinding_L_HiLight,O_Wayfinding_L_HiLight
48038,63736025200187,O_Wayfinding_L_HiLight,O_Wayfinding_L_HiLight,O_Wayfinding_L_HiLight
48046,63736025200211,O_Wayfinding_L_HiLight,O_Wayfinding_L_HiLight,O_Wayfinding_L_HiLight
48088,63736025200232,O_Wayfinding_L_HiLight,O_Wayfinding_L_HiLight,O_Wayfinding_L_HiLight
48104,63736025200254,O_Wayfinding_L_HiLight,O_Wayfinding_L_HiLight,O_Wayfinding_L_HiLight
48113,63736025200276,273|Mesh|C|GleisabschnittA.001,273|Mesh|C|GleisabschnittA.001,273|Mesh|C|GleisabschnittA.001
48146,63736025200299,273|Mesh|C|GleisabschnittA.001,273|Mesh|C|GleisabschnittA.001,273|Mesh|C|GleisabschnittA.001
48163,63736025200321,273|Mesh|C|GleisabschnittA.001,273|Mesh|C|GleisabschnittA.001,273|Mesh|C|GleisabschnittA.001
48188,63736025200345,None,273|Mesh|C|GleisabschnittA.001,273|Mesh|C|GleisabschnittA.001
48221,63736025200369,273|Mesh|C|GleisabschnittA.001,273|Mesh|C|GleisabschnittA.001,None
48229,63736025200389,273|Mesh|C|GleisabschnittA.001,273|Mesh|C|GleisabschnittA.001,273|Mesh|C|GleisabschnittA.001
48254,63736025200410,273|Mesh|C|GleisabschnittA.001,273|Mesh|C|GleisabschnittA.001,273|Mesh|C|GleisabschnittA.001
48263,63736025200432,273|Mesh|C|GleisabschnittA.001,273|Mesh|C|GleisabschnittA.001,273|Mesh|C|GleisabschnittA.001
48296,63736025200468,273|Mesh|C|GleisabschnittA.001,273|Mesh|C|GleisabschnittA.001,273|Mesh|C|GleisabschnittA.001
48329,63736025200489,273|Mesh|C|GleisabschnittA.001,273|Mesh|C|GleisabschnittA.001,273|Mesh|C|GleisabschnittA.001
48354,63736025200511,273|Mesh|C|GleisabschnittA.001,273|Mesh|C|GleisabschnittA.001,273|Mesh|C|GleisabschnittA.001
48371,63736025200533,273|Mesh|C|GleisabschnittA.001,273|Mesh|C|GleisabschnittA.001,273|Mesh|C|GleisabschnittA.001
48396,63736025200556,273|Mesh|C|GleisabschnittA.001,273|Mesh|C|GleisabschnittA.001,273|Mesh|C|GleisabschnittA.001
48429,63736025200579,273|Mesh|C|GleisabschnittA.001,273|Mesh|C|GleisabschnittA.001,273|Mesh|C|GleisabschnittA.001
48446,63736025200600,273|Mesh|C|GleisabschnittA.001,273|Mesh|C|GleisabschnittA.001,273|Mesh|C|GleisabschnittA.001
48463,63736025200624,273|Mesh|C|GleisabschnittA.001,273|Mesh|C|GleisabschnittA.001,273|Mesh|C|GleisabschnittA.001
48496,63736025200645,273|Mesh|C|GleisabschnittA.001,273|Mesh|C|GleisabschnittA.001,273|Mesh|C|GleisabschnittA.001
48504,63736025200668,273|Mesh|C|GleisabschnittA.001,273|Mesh|C|GleisabschnittA.001,273|Mesh|C|GleisabschnittA.001
48546,63736025200690,273|Mesh|C|GleisabschnittA.001,273|Mesh|C|GleisabschnittA.001,273|Mesh|C|GleisabschnittA.001
48554,63736025200713,273|Mesh|C|GleisabschnittA.001,273|Mesh|C|GleisabschnittA.001,273|Mesh|C|GleisabschnittA.001
48571,63736025200734,273|Mesh|C|GleisabschnittA.001,273|Mesh|C|GleisabschnittA.001,273|Mesh|C|GleisabschnittA.001
48596,63736025200755,273|Mesh|C|GleisabschnittA.001,273|Mesh|C|GleisabschnittA.001,273|Mesh|C|GleisabschnittA.001
48621,63736025200777,None,None,None
48629,63736025200799,None,None,None
48663,63736025200821,None,None,None
48688,63736025200844,None,None,None
48704,63736025200865,None,None,None
48738,63736025200888,None,None,None
48746,63736025200911,None,None,None
48779,63736025200933,None,41_Liniennetzplan (2),None
48796,63736025200957,None,None,None
48829,63736025200977,None,None,None
48846,63736025201000,LM_WerbungGroß,None,LM_WerbungGroß
48863,63736025201022,None,None,None
48896,63736025201044,None,None,None
48904,63736025201068,None,None,None
48929,63736025201091,None,None,None
48954,63736025201111,None,None,None
48963,63736025201133,None,None,None
49004,63736025201154,None,41_Liniennetzplan (2),None
49013,63736025201177,None,None,None
49046,63736025201199,None,None,None
49063,63736025201221,None,None,None
49079,63736025201243,None,None,None
49113,63736025201268,None,None,None
49129,63736025201288,None,None,None
49154,63736025201311,None,None,None
49179,63736025201333,None,None,None
49196,63736025201356,None,None,None
49213,63736025201382,None,None,None
49238,63736025201401,None,None,None
49263,63736025201423,273|Mesh|C|GleisabschnittA.001,273|Mesh|C|GleisabschnittA.001,273|Mesh|C|GleisabschnittA.001
49288,63736025201446,273|Mesh|C|GleisabschnittA.001,273|Mesh|C|GleisabschnittA.001,273|Mesh|C|GleisabschnittA.001
49288,63736025201466,273|Mesh|C|GleisabschnittA.001,273|Mesh|C|GleisabschnittA.001,273|Mesh|C|GleisabschnittA.001
49329,63736025201499,273|Mesh|C|GleisabschnittA.001,273|Mesh|C|GleisabschnittA.001,273|Mesh|C|GleisabschnittA.001
49371,63736025201524,273|Mesh|C|GleisabschnittA.001,273|Mesh|C|GleisabschnittA.001,273|Mesh|C|GleisabschnittA.001
49388,63736025201543,273|Mesh|C|GleisabschnittA.001,273|Mesh|C|GleisabschnittA.001,273|Mesh|C|GleisabschnittA.001
49413,63736025201566,273|Mesh|C|GleisabschnittA.001,273|Mesh|C|GleisabschnittA.001,273|Mesh|C|GleisabschnittA.001
49437,63736025201588,273|Mesh|C|GleisabschnittA.001,273|Mesh|C|GleisabschnittA.001,273|Mesh|C|GleisabschnittA.001
49446,63736025201611,273|Mesh|C|GleisabschnittA.001,273|Mesh|C|GleisabschnittA.001,273|Mesh|C|GleisabschnittA.001
49479,63736025201634,273|Mesh|C|GleisabschnittA.001,273|Mesh|C|GleisabschnittA.001,273|Mesh|C|GleisabschnittA.001
49504,63736025201656,273|Mesh|C|GleisabschnittA.001,273|Mesh|C|GleisabschnittA.001,273|Mesh|C|GleisabschnittA.001
49521,63736025201677,273|Mesh|C|GleisabschnittA.001,273|Mesh|C|GleisabschnittA.001,273|Mesh|C|GleisabschnittA.001
49546,63736025201699,None,None,None
49554,63736025201720,None,None,None
49587,63736025201744,None,41_Liniennetzplan (2),None
49612,63736025201766,LM_WerbungGroß,None,None
49629,63736025201789,None,None,None
49662,63736025201810,None,None,None
49679,63736025201834,None,LM_WerbungGroß,None
49704,63736025201853,None,None,None
49712,63736025201877,None,None,None
49746,63736025201901,None,None,None
49787,63736025201930,Neue B_Ebene_Boden,None,None
49804,63736025201971,None,Neue B_Ebene_Boden,Neue B_Ebene_Boden
49837,63736025201998,Neue B_Ebene_Boden,Neue B_Ebene_Boden,Neue B_Ebene_Boden
49871,63736025202037,sÄULE (12),sÄULE (12),sÄULE (12)
49921,63736025202083,sÄULE (16),sÄULE (16),sÄULE (16)
49962,63736025202128,Neue B_Ebene_Boden,Neue B_Ebene_Boden,Neue B_Ebene_Boden
50004,63736025202152,sÄULE (13),Neue B_Ebene_Boden,sÄULE (13)
50037,63736025202194,sÄULE (13),sÄULE (13),sÄULE (13)
50054,63736025202236,sÄULE (13),sÄULE (13),sÄULE (13)
50062,63736025202259,Neue B_Ebene_Boden,sÄULE (13),sÄULE (13)
50146,63736025202304,sÄULE (17),sÄULE (13),Neue B_Ebene_Boden
50171,63736025202328,sÄULE (13),sÄULE (13),sÄULE (13)
50221,63736025202369,sÄULE (13),sÄULE (13),sÄULE (13)
50246,63736025202394,sÄULE (13),sÄULE (13),sÄULE (13)
50287,63736025202437,Neue B_Ebene_Boden,1_Fahrstuhl (2),1_Fahrstuhl (2)
50296,63736025202459,Neue B_Ebene_Boden,Neue B_Ebene_Boden,Neue B_Ebene_Boden
50321,63736025202480,Neue B_Ebene_Boden,Neue B_Ebene_Boden,Neue B_Ebene_Boden
50337,63736025202503,Neue B_Ebene_Boden,Neue B_Ebene_Boden,Neue B_Ebene_Boden
50371,63736025202525,Neue B_Ebene_Boden,Neue B_Ebene_Boden,Neue B_Ebene_Boden
50404,63736025202548,Neue B_Ebene_Boden,Neue B_Ebene_Boden,Neue B_Ebene_Boden
50437,63736025202592,40_Feuerloescher,Cube (1),40_Feuerloescher
50462,63736025202614,39_Abzug (3),39_Abzug (3),39_Abzug (3)
50479,63736025202638,39_Abzug (3),39_Abzug (3),39_Abzug (3)
50521,63736025202681,39_Abzug (3),39_Abzug (3),39_Abzug (3)
50546,63736025202703,39_Abzug (3),39_Abzug (3),39_Abzug (3)
50571,63736025202725,39_Abzug (3),39_Abzug (3),39_Abzug (3)
50587,63736025202747,39_Abzug (3),39_Abzug (3),39_Abzug (3)
50629,63736025202770,39_Abzug (3),33_VitrinenAnWand (10),39_Abzug (3)
50637,63736025202793,39_Abzug (3),33_VitrinenAnWand (10),39_Abzug (3)
50654,63736025202814,39_Abzug (3),33_VitrinenAnWand (10),39_Abzug (3)
50671,63736025202840,39_Abzug (3),1_Fahrstuhl,33_VitrinenAnWand (10)
50704,63736025202860,39_Abzug (3),1_Fahrstuhl,33_VitrinenAnWand (10)
50737,63736025202881,39_Abzug (3),LM-Fahrstuhl-Scheiben,33_VitrinenAnWand (10)
50754,63736025202904,39_Abzug (3),1_Fahrstuhl,39_Abzug (3)
50771,63736025202925,39_Abzug (3),1_Fahrstuhl,33_VitrinenAnWand (10)
50804,63736025202949,39_Abzug (3),33_VitrinenAnWand (10),39_Abzug (3)
50812,63736025202970,39_Abzug (3),33_VitrinenAnWand (10),33_VitrinenAnWand (10)
50829,63736025202991,39_Abzug (3),33_VitrinenAnWand (10),39_Abzug (3)
50854,63736025203014,39_Abzug (3),39_Abzug (3),39_Abzug (3)
50879,63736025203037,39_Abzug (3),39_Abzug (3),39_Abzug (3)
50912,63736025203059,39_Abzug (3),39_Abzug (3),39_Abzug (3)
50929,63736025203082,None,sÄULE (13),sÄULE (13)
50946,63736025203104,Neue B_Ebene_Boden,Neue B_Ebene_Boden,Neue B_Ebene_Boden
50962,63736025203127,Neue B_Ebene_Boden,Neue B_Ebene_Boden,Neue B_Ebene_Boden
50987,63736025203148,Neue B_Ebene_Boden,39_Abzug (1),Neue B_Ebene_Boden
51012,63736025203171,Neue B_Ebene_Boden,Neue B_Ebene_Boden,Neue B_Ebene_Boden
51037,63736025203214,Neue B_Ebene_Boden,Neue B_Ebene_Boden,Neue B_Ebene_Boden
51054,63736025203236,Neue B_Ebene_Boden,Neue B_Ebene_Boden,Neue B_Ebene_Boden
51054,63736025203257,sÄULE (12),sÄULE (12),sÄULE (12)
51062,63736025203280,sÄULE (12),sÄULE (12),sÄULE (12)
51145,63736025203303,Neue B_Ebene_Boden,sÄULE (12),Neue B_Ebene_Boden
51187,63736025203327,LM|GleishäuschenGlas,LM|GleishäuschenGlas,LM|GleishäuschenGlas
51187,63736025203369,21_Geldautomat (1),LM|GleishäuschenGlas,21_Geldautomat (1)
51195,63736025203413,None,None,None
51195,63736025203436,None,None,None
51237,63736025203458,LM|GleishäuschenWeiß,LM|GleishäuschenGlas,LM|GleishäuschenGlas
51312,63736025203482,21_Geldautomat,21_Geldautomat (1),21_Geldautomat
51362,63736025203504,LM|GleishäuschenGlas,LM|GleishäuschenGlas,LM|GleishäuschenGlas
51379,63736025203525,LM|GleishäuschenGlas,LM|GleishäuschenGlas,LM|GleishäuschenGlas
51395,63736025203547,LM|GleishäuschenGlas,LM|GleishäuschenGlas,LM|GleishäuschenGlas
51412,63736025203570,LM|GleishäuschenGlas,LM|GleishäuschenGlas,LM|GleishäuschenGlas
51437,63736025203595,LM|GleishäuschenGlas,LM|GleishäuschenGlas,LM|GleishäuschenGlas
51479,63736025203636,LM|GleishäuschenGlas,LM|GleishäuschenGlas,LM|GleishäuschenGlas
51495,63736025203660,LM|GleishäuschenGlas,LM|GleishäuschenGlas,LM|GleishäuschenGlas
51529,63736025203682,None,None,None
51545,63736025203703,None,None,None
51562,63736025203724,21_Geldautomat (1),21_Geldautomat (1),21_Geldautomat (1)
51595,63736025203748,21_Geldautomat,21_Geldautomat (1),21_Geldautomat (1)
51629,63736025203770,21_Geldautomat,21_Geldautomat,21_Geldautomat
51637,63736025203792,21_Geldautomat,21_Geldautomat (1),21_Geldautomat
51654,63736025203812,21_Geldautomat (1),21_Geldautomat (1),21_Geldautomat (1)
51695,63736025203835,21_Geldautomat (1),21_Geldautomat (1),21_Geldautomat (1)
51704,63736025203858,21_Geldautomat,21_Geldautomat (1),21_Geldautomat (1)
51720,63736025203879,21_Geldautomat (1),21_Geldautomat (1),21_Geldautomat (1)
51745,63736025203903,21_Geldautomat (1),21_Geldautomat (1),21_Geldautomat (1)
51770,63736025203925,21_Geldautomat (1),21_Geldautomat (1),21_Geldautomat (1)
51804,63736025203946,21_Geldautomat (1),21_Geldautomat (1),21_Geldautomat (1)
51820,63736025203970,21_Geldautomat (1),21_Geldautomat (1),21_Geldautomat (1)
51837,63736025203993,21_Geldautomat (1),21_Geldautomat (1),21_Geldautomat (1)
51870,63736025204018,21_Geldautomat (1),21_Geldautomat (1),21_Geldautomat (1)
51920,63736025204061,LM|GleishäuschenGlas,LM|GleishäuschenGlas,LM|GleishäuschenGlas
51937,63736025204084,LM|GleishäuschenGlas,LM|GleishäuschenWeiß,LM|GleishäuschenGlas
51987,63736025204125,None,LM-Fahrstuhl-Scheiben,LM-Fahrstuhl-Scheiben
52004,63736025204147,LM-Fahrstuhl-Scheiben,sÄULE (22),LM-Fahrstuhl-Scheiben
52037,63736025204169,sÄULE (22),sÄULE (22),sÄULE (22)
52045,63736025204192,sÄULE (22),sÄULE (17),sÄULE (17)
52070,63736025204214,sÄULE (17),None,sÄULE (17)
52095,63736025204237,sÄULE (17),sÄULE (17),sÄULE (17)
52112,63736025204258,39_Abzug (2),None,39_Abzug (2)
52129,63736025204280,Cube (1),15_Werbetafel 1 (12),Cube (1)
52145,63736025204302,39_Abzug (2),Cube (1),15_Werbetafel 1 (12)
52170,63736025204323,39_Abzug (2),None,39_Abzug (2)
52204,63736025204346,Cube (1),33_VitrinenAnWand (10),33_VitrinenAnWand (10)
52212,63736025204368,33_VitrinenAnWand (10),33_VitrinenAnWand (10),33_VitrinenAnWand (10)
52229,63736025204391,33_VitrinenAnWand (10),33_VitrinenAnWand (10),33_VitrinenAnWand (10)
52245,63736025204412,33_VitrinenAnWand (10),39_Abzug (3),39_Abzug (3)
52262,63736025204436,39_Abzug (3),39_Abzug (3),39_Abzug (3)
52312,63736025204456,None,33_VitrinenAnWand (10),33_VitrinenAnWand (10)
52320,63736025204480,33_VitrinenAnWand (10),33_VitrinenAnWand (10),33_VitrinenAnWand (10)
52337,63736025204503,33_VitrinenAnWand (10),33_VitrinenAnWand (10),33_VitrinenAnWand (10)
52337,63736025204522,39_Abzug (3),39_Abzug (3),39_Abzug (3)
52337,63736025204545,39_Abzug (3),39_Abzug (3),39_Abzug (3)
52345,63736025204569,39_Abzug (3),39_Abzug (3),39_Abzug (3)
52437,63736025204591,Cube (1),Cube (1),Cube (1)
52445,63736025204612,Cube (1),Cube (1),Cube (1)
52479,63736025204634,sÄULE (13),sÄULE (13),sÄULE (13)
52495,63736025204655,sÄULE (13),sÄULE (13),sÄULE (13)
52528,63736025204679,sÄULE (13),sÄULE (13),sÄULE (13)
52545,63736025204700,sÄULE (13),sÄULE (13),sÄULE (13)
52578,63736025204726,33_VitrinenAnWand (10),33_VitrinenAnWand (10),33_VitrinenAnWand (10)
52595,63736025204746,33_VitrinenAnWand (10),33_VitrinenAnWand (10),33_VitrinenAnWand (10)
52612,63736025204767,33_VitrinenAnWand (10),33_VitrinenAnWand (10),33_VitrinenAnWand (10)
52637,63736025204789,33_VitrinenAnWand (10),33_VitrinenAnWand (10),33_VitrinenAnWand (10)
52637,63736025204812,33_VitrinenAnWand (10),33_VitrinenAnWand (10),33_VitrinenAnWand (10)
52645,63736025204834,33_VitrinenAnWand (10),33_VitrinenAnWand (10),33_VitrinenAnWand (10)
52703,63736025204854,33_VitrinenAnWand (10),33_VitrinenAnWand (10),33_VitrinenAnWand (10)
52720,63736025204878,33_VitrinenAnWand (10),33_VitrinenAnWand (10),33_VitrinenAnWand (10)
52745,63736025204900,33_VitrinenAnWand (10),33_VitrinenAnWand (10),33_VitrinenAnWand (10)
52753,63736025204924,33_VitrinenAnWand (10),33_VitrinenAnWand (10),33_VitrinenAnWand (10)
52778,63736025204944,33_VitrinenAnWand (10),33_VitrinenAnWand (10),33_VitrinenAnWand (10)
52820,63736025204966,sÄULE (17),sÄULE (17),sÄULE (17)
52837,63736025204989,sÄULE (17),sÄULE (17),sÄULE (17)
52870,63736025205011,sÄULE (17),sÄULE (17),sÄULE (17)
52878,63736025205033,sÄULE (17),sÄULE (17),sÄULE (17)
52895,63736025205055,sÄULE (17),sÄULE (17),sÄULE (17)
52912,63736025205077,sÄULE (17),Neue B_Ebene_Boden,sÄULE (17)
52937,63736025205100,Neue B_Ebene_Boden,Neue B_Ebene_Boden,Neue B_Ebene_Boden
52962,63736025205122,Neue B_Ebene_Boden,Neue B_Ebene_Boden,Neue B_Ebene_Boden
52995,63736025205144,Neue B_Ebene_Boden,Neue B_Ebene_Boden,Neue B_Ebene_Boden
53012,63736025205166,sÄULE (17),Neue B_Ebene_Boden,Neue B_Ebene_Boden
53037,63736025205189,sÄULE (17),Neue B_Ebene_Boden,sÄULE (17)
53045,63736025205210,sÄULE (17),Neue B_Ebene_Boden,sÄULE (17)
53078,63736025205234,sÄULE (17),Neue B_Ebene_Boden,sÄULE (17)
53095,63736025205254,Neue B_Ebene_Boden,Neue B_Ebene_Boden,sÄULE (17)
53128,63736025205277,Neue B_Ebene_Boden,sÄULE (17),sÄULE (17)
53137,63736025205302,Neue B_Ebene_Boden,sÄULE (17),sÄULE (17)
53153,63736025205323,sÄULE (17),Neue B_Ebene_Boden,sÄULE (17)
53195,63736025205344,Cube (1),Cube (1),Cube (1)
53203,63736025205366,Cube (1),Cube (1),LM_Werbetafel_Display
53245,63736025205390,Cube (1),Cube (1),15_Werbetafel 1 (11)
53262,63736025205411,Cube (1),LM_Werbetafel_Display,15_Werbetafel 1 (11)
53270,63736025205436,Cube (1),LM_Werbetafel_Display,Cube (1)
53295,63736025205456,Cube (1),15_Werbetafel 1 (11),Cube (1)
53312,63736025205478,Cube (1),Cube (1),Cube (1)
53353,63736025205500,Cube (1),Cube (1),Cube (1)
53362,63736025205522,Cube (1),Cube (1),Cube (1)
53378,63736025205544,Cube (1),Cube (1),Cube (1)
53412,63736025205566,Cube (1),Cube (1),Cube (1)
53437,63736025205589,Cube (1),39_Abzug (2),Cube (1)
53445,63736025205611,Cube (1),Cube (1),Cube (1)
53470,63736025205633,Cube (1),39_Abzug (2),Cube (1)
53495,63736025205656,39_Abzug (2),39_Abzug (2),39_Abzug (2)
53528,63736025205679,sÄULE (17),sÄULE (17),sÄULE (17)
53537,63736025205700,sÄULE (17),sÄULE (17),sÄULE (17)
53553,63736025205721,sÄULE (17),sÄULE (17),sÄULE (17)
53587,63736025205744,sÄULE (17),sÄULE (17),sÄULE (17)
53612,63736025205767,sÄULE (17),sÄULE (17),sÄULE (17)
53653,63736025205789,sÄULE (17),sÄULE (17),sÄULE (17)
53662,63736025205811,sÄULE (17),sÄULE (17),sÄULE (17)
53687,63736025205833,sÄULE (17),sÄULE (17),sÄULE (17)
53720,63736025205855,sÄULE (17),sÄULE (17),sÄULE (17)
53737,63736025205879,sÄULE (17),sÄULE (17),sÄULE (17)
53770,63736025205899,Cube (1),Cube (1),Cube (1)
53787,63736025205924,Cube (1),Cube (1),15_Werbetafel 1 (12)
53795,63736025205945,Cube (1),Cube (1),15_Werbetafel 1 (12)
53828,63736025205965,Cube (1),Cube (1),15_Werbetafel 1 (12)
53845,63736025205988,Cube (1),Cube (1),Cube (1)
53878,63736025206010,Cube (1),15_Werbetafel 1 (12),Cube (1)
53895,63736025206032,Cube (1),Cube (1),Cube (1)
53912,63736025206054,Cube (1),Cube (1),Cube (1)
53937,63736025206077,Cube (1),Cube (1),Cube (1)
53953,63736025206101,Cube (1),273|Mesh|C|GleisabschnittA.001,Cube (1)
53987,63736025206122,Cube (1),Cube (1),Cube (1)
54003,63736025206143,Cube (1),Cube (1),Cube (1)
54020,63736025206166,Cube (1),Cube (1),Cube (1)
54045,63736025206189,Cube (1),Cube (1),Cube (1)
54061,63736025206210,Cube (1),Cube (1),Cube (1)
54095,63736025206233,Cube (1),Cube (1),Cube (1)
54103,63736025206254,Cube (1),Cube (1),Cube (1)
54120,63736025206275,Cube (1),Cube (1),Cube (1)
54153,63736025206300,Cube (1),Cube (1),Cube (1)
54170,63736025206320,Cube (1),Cube (1),Cube (1)
54203,63736025206343,Cube (1),Cube (1),Cube (1)
54211,63736025206367,Cube (1),Cube (1),Cube (1)
54228,63736025206388,Cube (1),Cube (1),Cube (1)
54253,63736025206411,Cube (1),Cube (1),Cube (1)
54278,63736025206433,Cube (1),Cube (1),Cube (1)
54311,63736025206457,Cube (1),Cube (1),Cube (1)
54328,63736025206478,Cube (1),Cube (1),Cube (1)
54361,63736025206503,Cube (1),Cube (1),Cube (1)
54370,63736025206522,Cube (1),Cube (1),Cube (1)
54395,63736025206544,Cube (1),Cube (1),Cube (1)
54428,63736025206569,15_Werbetafel 1 (11),Cube (1),Cube (1)
54436,63736025206593,Cube (1),Cube (1),Cube (1)
54486,63736025206633,15_Werbetafel 1 (11),Cube (1),Cube (1)
54503,63736025206656,Cube (1),Cube (1),Cube (1)
54536,63736025206676,Cube (1),Cube (1),Cube (1)
54545,63736025206700,Cube (1),Cube (1),Cube (1)
54578,63736025206723,Cube (1),Cube (1),Cube (1)
54595,63736025206744,Cube (1),Cube (1),Cube (1)
54611,63736025206767,Cube (1),Cube (1),Cube (1)
54645,63736025206787,Cube (1),Cube (1),Cube (1)
54653,63736025206809,Cube (1),Cube (1),Cube (1)
54670,63736025206831,Cube (1),273|Mesh|C|GleisabschnittA.001,Cube (1)
54695,63736025206854,Cube (1),Cube (1),Cube (1)
54711,63736025206874,Cube (1),Cube (1),Cube (1)
54745,63736025206899,Cube (1),sÄULE (17),Cube (1)
54770,63736025206920,Cube (1),sÄULE (17),sÄULE (17)
54778,63736025206942,Cube (1),sÄULE (17),sÄULE (17)
54811,63736025206964,Cube (1),sÄULE (17),sÄULE (17)
54836,63736025206988,Cube (1),sÄULE (17),sÄULE (17)
54861,63736025207010,Cube (1),sÄULE (17),sÄULE (17)
54878,63736025207031,Cube (1),sÄULE (17),Cube (1)
54903,63736025207056,None,sÄULE (17),Cube (1)
54911,63736025207075,Cube (1),sÄULE (17),Cube (1)
54936,63736025207099,Cube (1),sÄULE (17),Cube (1)
54970,63736025207120,Cube (1),sÄULE (17),Cube (1)
54986,63736025207142,Cube (1),sÄULE (17),Cube (1)
55003,63736025207166,Cube (1),sÄULE (17),Cube (1)
55036,63736025207187,Cube (1),sÄULE (17),Cube (1)
55053,63736025207208,Cube (1),sÄULE (17),Cube (1)
55086,63736025207232,Cube (1),sÄULE (17),Cube (1)
55086,63736025207253,Cube (1),sÄULE (17),Cube (1)
55128,63736025207276,Cube (1),sÄULE (17),Cube (1)
55145,63736025207298,Cube (1),sÄULE (17),Cube (1)
55153,63736025207320,Cube (1),sÄULE (17),Cube (1)
55195,63736025207342,sÄULE (17),sÄULE (17),sÄULE (17)
55211,63736025207365,sÄULE (17),sÄULE (17),sÄULE (17)
55228,63736025207386,sÄULE (17),sÄULE (17),sÄULE (17)
55270,63736025207409,sÄULE (17),sÄULE (17),sÄULE (17)
55278,63736025207431,sÄULE (17),sÄULE (17),sÄULE (17)
55295,63736025207452,sÄULE (17),sÄULE (17),sÄULE (17)
55320,63736025207476,sÄULE (17),sÄULE (17),sÄULE (17)
55353,63736025207498,sÄULE (17),sÄULE (17),sÄULE (17)
55378,63736025207520,sÄULE (17),sÄULE (17),sÄULE (17)
55386,63736025207541,sÄULE (17),sÄULE (17),sÄULE (17)
55403,63736025207566,sÄULE (17),sÄULE (17),sÄULE (17)
55428,63736025207588,sÄULE (17),sÄULE (17),sÄULE (17)
55461,63736025207611,Cube (1),Cube (1),Cube (1)
55478,63736025207631,Cube (1),33_VitrinenAnWand (6),33_VitrinenAnWand (6)
55495,63736025207653,33_VitrinenAnWand (6),Cube (1),33_VitrinenAnWand (6)
55528,63736025207675,33_VitrinenAnWand (6),Cube (1),33_VitrinenAnWand (6)
55545,63736025207698,33_VitrinenAnWand (6),Cube (1),33_VitrinenAnWand (6)
55561,63736025207719,33_VitrinenAnWand (6),Cube (1),33_VitrinenAnWand (6)
55594,63736025207742,33_VitrinenAnWand (6),33_VitrinenAnWand (6),33_VitrinenAnWand (6)
55611,63736025207763,33_VitrinenAnWand (6),33_VitrinenAnWand (6),33_VitrinenAnWand (6)
55636,63736025207786,33_VitrinenAnWand (6),33_VitrinenAnWand (6),33_VitrinenAnWand (6)
55653,63736025207808,1_Fahrstuhl,1_Fahrstuhl,1_Fahrstuhl
55661,63736025207830,Cube (1),Cube (1),Cube (1)
55703,63736025207852,15_Werbetafel 1 (11),15_Werbetafel 1 (11),15_Werbetafel 1 (11)
55719,63736025207874,sÄULE (17),sÄULE (17),sÄULE (17)
55744,63736025207897,sÄULE (17),sÄULE (17),sÄULE (17)
55769,63736025207919,sÄULE (17),sÄULE (17),sÄULE (17)
55803,63736025207943,sÄULE (17),sÄULE (17),sÄULE (17)
55811,63736025207965,sÄULE (17),sÄULE (17),sÄULE (17)
55819,63736025207985,sÄULE (17),sÄULE (17),sÄULE (17)
55861,63736025208009,sÄULE (17),sÄULE (17),sÄULE (17)
55869,63736025208030,sÄULE (17),sÄULE (17),sÄULE (17)
55886,63736025208052,1_Fahrstuhl (2),sÄULE (22),sÄULE (22)
55903,63736025208074,sÄULE (16),sÄULE (16),sÄULE (16)
55928,63736025208098,LM|GleishäuschenGlas,LM|GleishäuschenGlas,LM|GleishäuschenGlas
55969,63736025208118,LM|GleishäuschenGlas,LM|GleishäuschenWeiß,LM|GleishäuschenGlas
55986,63736025208140,LM|GleishäuschenGlas,LM|GleishäuschenGlas,LM|GleishäuschenGlas
56019,63736025208163,LM|GleishäuschenGlas,LM|GleishäuschenGlas,LM|GleishäuschenGlas
56036,63736025208184,LM|GleishäuschenGlas,LM|GleishäuschenGlas,LM|GleishäuschenGlas
56044,63736025208206,LM|GleishäuschenGlas,LM|GleishäuschenGlas,LM|GleishäuschenGlas
56078,63736025208229,LM|GleishäuschenWeiß,LM|GleishäuschenGlas,LM|GleishäuschenGlas
56094,63736025208252,LM|GleishäuschenGlas,LM|GleishäuschenGlas,LM|GleishäuschenWeiß
56128,63736025208275,None,None,None
56144,63736025208296,39_Abzug (1),Neue B_Ebene_Boden,39_Abzug (1)
56153,63736025208319,LM-Fahrstuhl-Scheiben,sÄULE (22),LM-Fahrstuhl-Scheiben
56186,63736025208340,sÄULE (17),Cube (1),Cube (1)
56211,63736025208363,sÄULE (17),Cube (1),sÄULE (17)
56244,63736025208385,sÄULE (17),Cube (1),Cube (1)
56253,63736025208407,sÄULE (17),Cube (1),sÄULE (17)
56269,63736025208430,sÄULE (17),Cube (1),sÄULE (17)
56294,63736025208452,sÄULE (17),sÄULE (17),sÄULE (17)
56319,63736025208476,sÄULE (17),sÄULE (17),sÄULE (17)
56353,63736025208498,sÄULE (17),sÄULE (17),sÄULE (17)
56369,63736025208520,sÄULE (17),sÄULE (17),sÄULE (17)
56378,63736025208540,sÄULE (17),sÄULE (17),sÄULE (17)
56411,63736025208563,sÄULE (17),sÄULE (17),sÄULE (17)
56436,63736025208586,sÄULE (17),sÄULE (17),sÄULE (17)
56444,63736025208608,sÄULE (17),sÄULE (17),sÄULE (17)
56486,63736025208629,sÄULE (17),sÄULE (17),sÄULE (17)
56494,63736025208652,sÄULE (17),sÄULE (17),sÄULE (17)
56528,63736025208674,Cube (1),39_Abzug (2),Cube (1)
56544,63736025208697,Cube (1),39_Abzug (2),Cube (1)
56553,63736025208718,Cube (1),39_Abzug (2),Cube (1)
56586,63736025208740,39_Abzug (2),39_Abzug (2),39_Abzug (2)
56603,63736025208763,39_Abzug (2),39_Abzug (2),39_Abzug (2)
56636,63736025208784,39_Abzug (2),39_Abzug (2),39_Abzug (2)
56653,63736025208807,39_Abzug (2),39_Abzug (2),39_Abzug (2)
56669,63736025208829,39_Abzug (2),39_Abzug (2),39_Abzug (2)
56703,63736025208851,39_Abzug (2),39_Abzug (2),39_Abzug (2)
56711,63736025208874,39_Abzug (2),39_Abzug (2),39_Abzug (2)
56753,63736025208897,39_Abzug (2),39_Abzug (2),39_Abzug (2)
56769,63736025208917,39_Abzug (2),39_Abzug (2),39_Abzug (2)
56778,63736025208939,39_Abzug (2),39_Abzug (2),39_Abzug (2)
56811,63736025208962,sÄULE (17),sÄULE (17),sÄULE (17)
56836,63736025208984,Cube (1),Cube (1),Cube (1)
56853,63736025209007,Cube (1),Cube (1),Cube (1)
56869,63736025209029,Cube (1),Cube (1),Cube (1)
56911,63736025209053,Cube (1),Cube (1),Cube (1)
56919,63736025209075,Cube (1),Cube (1),Cube (1)
56944,63736025209097,Cube (1),Cube (1),Cube (1)
56953,63736025209117,Cube (1),Cube (1),Cube (1)
56986,63736025209140,Cube (1),Cube (1),Cube (1)
57003,63736025209162,Cube (1),Cube (1),Cube (1)
57036,63736025209184,Cube (1),Cube (1),Cube (1)
57044,63736025209208,Cube (1),Cube (1),Cube (1)
57078,63736025209229,Cube (1),Cube (1),Cube (1)
57103,63736025209252,Cube (1),Cube (1),Cube (1)
57111,63736025209272,Cube (1),Cube (1),Cube (1)
57144,63736025209297,Cube (1),Cube (1),Cube (1)
57161,63736025209317,Cube (1),Cube (1),Cube (1)
57194,63736025209340,15_Werbetafel 1 (12),Cube (1),Cube (1)
57211,63736025209363,LM_Werbetafel_Display,Cube (1),15_Werbetafel 1 (12)
57219,63736025209384,15_Werbetafel 1 (12),Cube (1),15_Werbetafel 1 (12)
57261,63736025209405,15_Werbetafel 1 (12),15_Werbetafel 1 (12),15_Werbetafel 1 (12)
57277,63736025209429,15_Werbetafel 1 (12),15_Werbetafel 1 (12),15_Werbetafel 1 (12)
57294,63736025209450,15_Werbetafel 1 (12),15_Werbetafel 1 (12),15_Werbetafel 1 (12)
57327,63736025209473,Cube (1),Cube (1),Cube (1)
57344,63736025209495,Cube (1),Cube (1),Cube (1)
57369,63736025209517,Cube (1),15_Werbetafel 1 (12),Cube (1)
57394,63736025209540,Cube (1),Cube (1),Cube (1)
57419,63736025209564,Cube (1),Cube (1),15_Werbetafel 1 (12)
57436,63736025209584,Cube (1),Cube (1),15_Werbetafel 1 (12)
57444,63736025209606,Cube (1),Cube (1),15_Werbetafel 1 (12)
57477,63736025209629,Cube (1),Cube (1),Cube (1)
57502,63736025209651,Cube (1),Cube (1),Cube (1)
57527,63736025209674,15_Werbetafel 1 (12),Cube (1),Cube (1)
57544,63736025209695,Cube (1),Cube (1),Cube (1)
57552,63736025209717,15_Werbetafel 1 (12),Cube (1),15_Werbetafel 1 (12)
57586,63736025209740,Cube (1),1_Fahrstuhl,LM-Fahrstuhl-Blende-Oben
57602,63736025209763,Cube (1),Cube (1),Cube (1)
57636,63736025209783,Cube (1),273|Mesh|C|GleisabschnittA.001,Cube (1)
57652,63736025209806,Cube (1),273|Mesh|C|GleisabschnittA.001,Cube (1)
57661,63736025209828,Cube (1),273|Mesh|C|GleisabschnittA.001,Cube (1)
57702,63736025209850,Cube (1),273|Mesh|C|GleisabschnittA.001,Cube (1)
57711,63736025209871,Cube (1),273|Mesh|C|GleisabschnittA.001,Cube (1)
57752,63736025209895,Cube (1),273|Mesh|C|GleisabschnittA.001,Cube (1)
57769,63736025209918,Cube (1),273|Mesh|C|GleisabschnittA.001,Cube (1)
57777,63736025209939,Cube (1),273|Mesh|C|GleisabschnittA.001,Cube (1)
57802,63736025209964,Cube (1),Cube (1),Cube (1)
57811,63736025209984,Cube (1),273|Mesh|C|GleisabschnittA.001,Cube (1)
57852,63736025210006,Cube (1),Cube (1),Cube (1)
57877,63736025210028,Cube (1),Cube (1),Cube (1)
57894,63736025210049,Cube (1),Cube (1),Cube (1)
57902,63736025210072,Cube (1),Cube (1),Cube (1)
57936,63736025210095,Cube (1),Cube (1),Cube (1)
57969,63736025210118,Cube (1),Cube (1),Cube (1)
57986,63736025210138,Cube (1),Cube (1),Cube (1)
58019,63736025210160,Cube (1),Cube (1),Cube (1)
58036,63736025210183,Cube (1),Cube (1),Cube (1)
58044,63736025210205,Cube (1),Cube (1),Cube (1)
58077,63736025210227,Cube (1),Cube (1),273|Mesh|C|GleisabschnittA.001
58094,63736025210249,Cube (1),Cube (1),273|Mesh|C|GleisabschnittA.001
58127,63736025210271,Cube (1),O_Wayfinding_L_HiLight,273|Mesh|C|GleisabschnittA.001
58144,63736025210294,Cube (1),O_Wayfinding_L_HiLight,273|Mesh|C|GleisabschnittA.001
58161,63736025210316,Cube (1),Cube (1),Cube (1)
58194,63736025210339,Cube (1),Cube (1),Cube (1)
58211,63736025210361,Cube (1),Cube (1),Cube (1)
58227,63736025210383,Cube (1),Cube (1),Cube (1)
58252,63736025210406,Cube (1),15_Werbetafel 1 (12),Cube (1)
58286,63736025210428,LM_Fahrkarten-Automat,LM_Fahrkarten-Automat,LM_Fahrkarten-Automat
58302,63736025210452,LM_Fahrkarten-Automat,sÄULE (22),sÄULE (22)
58319,63736025210472,LM_Fahrkarten-Automat,LM_Fahrkarten-Automat.001,LM_Fahrkarten-Automat
58344,63736025210495,Cube (1),LM_Fahrkarten-Automat,LM_Fahrkarten-Automat
58344,63736025210517,Cube (1),Cube (1),Cube (1)
58344,63736025210538,39_Abzug (2),39_Abzug (2),39_Abzug (2)
58352,63736025210560,15_Werbetafel 1 (12),Cube (1),LM_Werbetafel_Display
58377,63736025210583,LM-Fahrstuhl-Scheiben,1_Fahrstuhl,1_Fahrstuhl
58377,63736025210604,sÄULE (17),sÄULE (17),sÄULE (17)
58419,63736025210626,41_Liniennetzplan,None,None
58494,63736025210648,40_Feuerloescher,Neue B_Ebene_Boden,None
58536,63736025210670,None,Neue B_Ebene_Boden,None
58544,63736025210692,None,None,None
58544,63736025210714,None,None,None
58594,63736025210735,None,None,None
58611,63736025210757,None,None,None
58619,63736025210771,None,None,None
58636,63736025210790,None,None,None
58644,63736025210802,None,None,None
58644,63736025210821,None,None,None
58669,63736025210833,None,None,None
58694,63736025210844,None,None,None
58694,63736025210853,None,None,None
58710,63736025210864,None,None,None
58710,63736025210874,None,None,None
58710,63736025210886,None,None,None
58735,63736025210897,None,None,None
58752,63736025210907,None,None,None
58752,63736025210918,None,None,None
58769,63736025210929,None,None,None
58785,63736025210940,None,None,None
58785,63736025210952,None,None,None
58802,63736025210964,33_VitrinenAnWand (10),33_VitrinenAnWand (10),33_VitrinenAnWand (10)
58819,63736025210975,33_VitrinenAnWand (10),33_VitrinenAnWand (10),33_VitrinenAnWand (10)
58844,63736025210985,33_VitrinenAnWand (10),33_VitrinenAnWand (10),33_VitrinenAnWand (10)
58844,63736025210996,33_VitrinenAnWand (10),33_VitrinenAnWand (10),33_VitrinenAnWand (10)
58852,63736025211007,39_Abzug (3),39_Abzug (3),39_Abzug (3)
58869,63736025211019,33_VitrinenAnWand (10),33_VitrinenAnWand (10),33_VitrinenAnWand (10)
58869,63736025211030,33_VitrinenAnWand (10),33_VitrinenAnWand (10),33_VitrinenAnWand (10)
58877,63736025211042,33_VitrinenAnWand (10),33_VitrinenAnWand (10),33_VitrinenAnWand (10)
58885,63736025211053,33_VitrinenAnWand (10),33_VitrinenAnWand (10),33_VitrinenAnWand (10)
58910,63736025211065,33_VitrinenAnWand (10),33_VitrinenAnWand (10),33_VitrinenAnWand (10)
58910,63736025211076,33_VitrinenAnWand (10),33_VitrinenAnWand (10),33_VitrinenAnWand (10)
58919,63736025211090,33_VitrinenAnWand (10),33_VitrinenAnWand (10),33_VitrinenAnWand (10)
58919,63736025211102,33_VitrinenAnWand (10),33_VitrinenAnWand (10),33_VitrinenAnWand (10)
58952,63736025211123,33_VitrinenAnWand (10),33_VitrinenAnWand (10),33_VitrinenAnWand (10)
59002,63736025211146,33_VitrinenAnWand (10),33_VitrinenAnWand (10),33_VitrinenAnWand (10)
59010,63736025211171,33_VitrinenAnWand (10),33_VitrinenAnWand (10),33_VitrinenAnWand (10)
59027,63736025211192,33_VitrinenAnWand (10),33_VitrinenAnWand (10),33_VitrinenAnWand (10)
59060,63736025211213,None,None,None
59069,63736025211237,sÄULE (13),sÄULE (13),sÄULE (13)
59102,63736025211261,None,None,None
59110,63736025211283,sÄULE (13),sÄULE (13),sÄULE (13)
59144,63736025211305,None,41_Liniennetzplan (3),None
59177,63736025211328,None,None,None
59185,63736025211352,5_Bank (3),5_Bank (3),5_Bank (3)
59210,63736025211374,5_Bank (3),5_Bank (3),5_Bank (3)
59227,63736025211397,5_Bank (6),5_Bank (4),5_Bank (4)
59252,63736025211419,None,5_Bank (3),5_Bank (3)
59277,63736025211442,None,5_Bank (6),5_Bank (3)
59302,63736025211463,None,5_Bank (6),5_Bank (6)
59327,63736025211488,Cube,sÄULE (9),None
59344,63736025211509,Cube,None,Cube
59377,63736025211531,41_Liniennetzplan (5),Cube,Cube
59394,63736025211552,Cube,Cube,Cube
59419,63736025211574,Cube,Cube,Cube
59419,63736025211596,Cube,Cube,Cube
59477,63736025211619,15_Werbetafel 1 (10),Cube,15_Werbetafel 1 (10)
59485,63736025211641,Cube,LM_Werbetafel_Display,Cube
59502,63736025211663,Cube,Cube,Cube
59535,63736025211685,15_Werbetafel 1 (10),41_Liniennetzplan (5),Cube
59544,63736025211709,Cube,sÄULE (9),33_VitrinenAnWand (2)
59577,63736025211732,Cube,None,None
59585,63736025211752,Cube,sÄULE (9),None
59602,63736025211773,33_VitrinenAnWand (2),sÄULE (9),sÄULE (9)
59644,63736025211796,Cube,Cube,Cube
59652,63736025211819,Cube,Cube,41_Liniennetzplan (5)
59685,63736025211840,Cube,Cube,Cube
59702,63736025211865,Cube,41_Liniennetzplan (5),41_Liniennetzplan (5)
59744,63736025211895,Cube,Cube,Cube
59777,63736025211919,LM_Werbetafel_Display,None,41_Liniennetzplan (5)
59785,63736025211940,15_Werbetafel 1 (10),None,Cube
59802,63736025211962,Cube,Cube,Cube
59827,63736025211987,LM-Fahrstuhl-Scheiben,sÄULE,LM-Fahrstuhl-Scheiben
59852,63736025212007,LM_WerbungGroß,None,sÄULE
59869,63736025212029,sÄULE (4),None,None
59894,63736025212051,sÄULE,sÄULE (8),None
59910,63736025212074,sÄULE,sÄULE (8),sÄULE (4)
59944,63736025212099,sÄULE,None,sÄULE (4)
59960,63736025212119,None,None,sÄULE (4)
59969,63736025212142,sÄULE,None,sÄULE (4)
60002,63736025212165,LM_WerbungGroß,LM_WerbungGroß,LM_WerbungGroß
60035,63736025212185,Cube,Cube,Cube
60044,63736025212207,Cube,Cube,Cube
60069,63736025212230,Cube,O_Wayfinding_L_HiLight,Cube
60094,63736025212251,Cube,O_Wayfinding_L_HiLight,Cube
60119,63736025212274,Cube,Cube,Cube
60119,63736025212297,Cube,Cube,Cube
60169,63736025212318,Cube,Cube,Cube
60185,63736025212343,Cube,Cube,O_Wayfinding_L_HiLight
60202,63736025212364,Cube,Cube,273|Mesh|C|GleisabschnittA.001
60218,63736025212385,Cube,273|Mesh|C|GleisabschnittA.001,273|Mesh|C|GleisabschnittA.001
60252,63736025212407,O_Wayfinding_L_HiLight,273|Mesh|C|GleisabschnittA.001,273|Mesh|C|GleisabschnittA.001
60277,63736025212431,Cube,15_Werbetafel 1 (8),Cube
60302,63736025212451,Cube,Cube,Cube
60310,63736025212475,Cube,15_Werbetafel 1 (8),Cube
60335,63736025212496,Cube,Cube,Cube
60360,63736025212518,Cube,Cube,Cube
60377,63736025212541,Cube,Cube,Cube
60410,63736025212564,Cube,Cube,Cube
60443,63736025212585,273|Mesh|C|GleisabschnittA.001,Cube,Cube
60452,63736025212607,273|Mesh|C|GleisabschnittA.001,Cube,Cube
60468,63736025212629,273|Mesh|C|GleisabschnittA.001,Cube,273|Mesh|C|GleisabschnittA.001
60477,63736025212653,O_Wayfinding_L_HiLight,273|Mesh|C|GleisabschnittA.001,O_Wayfinding_L_HiLight
60502,63736025212672,O_Wayfinding_L_HiLight,Cube,Cube
60543,63736025212696,Cube,273|Mesh|C|GleisabschnittA.001,Cube
60560,63736025212717,Cube,Cube,Cube
60577,63736025212740,Cube,Cube,Cube
60602,63736025212762,Cube,Cube,Cube
60618,63736025212784,Cube,Cube,Cube
60635,63736025212807,Cube,Cube,Cube
60677,63736025212828,Cube,Cube,Cube
60693,63736025212851,Cube,Cube,Cube
60718,63736025212872,Cube,273|Mesh|C|GleisabschnittA.001,Cube
60735,63736025212897,Cube,273|Mesh|C|GleisabschnittA.001,Cube
60752,63736025212919,Cube,Cube,273|Mesh|C|GleisabschnittA.001
60785,63736025212939,O_Wayfinding_L_HiLight,Cube,273|Mesh|C|GleisabschnittA.001
60802,63736025212962,O_Wayfinding_L_HiLight,273|Mesh|C|GleisabschnittA.001,273|Mesh|C|GleisabschnittA.001
60835,63736025212983,Cube,Cube,Cube
60843,63736025213005,Cube,Cube,Cube
60868,63736025213028,Cube,Cube,Cube
60885,63736025213051,Cube,Cube,Cube
60910,63736025213076,Cube,Cube,Cube
60943,63736025213097,LM_WerbungGroß,sÄULE (4),LM_WerbungGroß
60960,63736025213118,Neue B_Ebene_Boden,sÄULE (4),sÄULE
60977,63736025213140,None,sÄULE (4),sÄULE
61010,63736025213161,LM_WerbungGroß,sÄULE,LM_WerbungGroß
61035,63736025213184,LM_WerbungGroß,None,LM_WerbungGroß
61043,63736025213206,LM_WerbungGroß,sÄULE,None
61077,63736025213230,Neue B_Ebene_Boden,LM_WerbungGroß,None
61085,63736025213251,Neue B_Ebene_Boden,None,LM_WerbungGroß
61127,63736025213273,Neue B_Ebene_Boden,LM_WerbungGroß,LM_WerbungGroß
61135,63736025213295,None,LM_WerbungGroß,LM_WerbungGroß
61177,63736025213318,sÄULE (9),None,39_Abzug
61185,63736025213338,sÄULE (5),sÄULE (5),sÄULE (5)
61202,63736025213361,sÄULE (5),sÄULE (5),sÄULE (5)
61235,63736025213385,None,None,None
61252,63736025213405,LM_Werbetafel_Display,sÄULE (5),None
61268,63736025213427,39_Abzug,None,15_Werbetafel 1 (14)
61293,63736025213450,None,39_Abzug,39_Abzug
61310,63736025213472,None,39_Abzug,39_Abzug
61343,63736025213494,39_Abzug,33_VitrinenAnWand (8),39_Abzug
61368,63736025213515,39_Abzug,None,39_Abzug
61377,63736025213538,39_Abzug,None,None
61402,63736025213559,15_Werbetafel 1 (14),None,None
61427,63736025213581,15_Werbetafel 1 (14),39_Abzug,15_Werbetafel 1 (14)
61452,63736025213606,None,39_Abzug,LM_Werbetafel_Display
61477,63736025213627,None,39_Abzug,15_Werbetafel 1 (14)
61485,63736025213652,None,39_Abzug,15_Werbetafel 1 (14)
61518,63736025213671,LM_Werbetafel_Display,39_Abzug,39_Abzug
61535,63736025213694,15_Werbetafel 1 (14),39_Abzug,39_Abzug
61552,63736025213715,15_Werbetafel 1 (14),39_Abzug,39_Abzug
61585,63736025213739,39_Abzug,39_Abzug,39_Abzug
61602,63736025213760,39_Abzug,39_Abzug,39_Abzug
61635,63736025213782,LM-Fahrstuhl-Scheiben,LM_WerbungGroß,1_Fahrstuhl (1)
61652,63736025213806,LM|GleishäuschenGlas,LM|GleishäuschenGlas,LM|GleishäuschenGlas
61685,63736025213827,24_Zigarettenautomat 1,24_Zigarettenautomat 1,24_Zigarettenautomat 1
61702,63736025213849,24_Zigarettenautomat 1,LM|GleishäuschenGlas,LM|GleishäuschenGlas
61710,63736025213871,24_Zigarettenautomat 1,LM|GleishäuschenGlas,LM|GleishäuschenGlas
61743,63736025213893,24_Zigarettenautomat 1,LM|GleishäuschenGlas,LM|GleishäuschenGlas
61760,63736025213915,24_Zigarettenautomat 1,LM|GleishäuschenGlas,24_Zigarettenautomat 1
61776,63736025213937,LM|GleishäuschenGlas,LM|GleishäuschenGlas,24_Zigarettenautomat 1
61810,63736025213959,LM|GleishäuschenWeiß,LM|GleishäuschenGlas,24_Zigarettenautomat 1
61818,63736025213982,LM|GleishäuschenGlas,LM|GleishäuschenGlas,24_Zigarettenautomat 1
61851,63736025214005,LM|GleishäuschenGlas,LM|GleishäuschenGlas,LM|GleishäuschenGlas
61868,63736025214026,LM|GleishäuschenGlas,LM|GleishäuschenGlas,LM|GleishäuschenGlas
61901,63736025214049,LM|GleishäuschenGlas,LM|GleishäuschenGlas,LM|GleishäuschenGlas
61918,63736025214069,1_Fahrstuhl (1),LM-Fahrstuhl-Scheiben,LM-Fahrstuhl-Scheiben
61935,63736025214093,sÄULE (5),None,sÄULE (5)
61968,63736025214114,sÄULE (5),sÄULE (5),sÄULE (5)
61976,63736025214137,None,sÄULE (5),sÄULE (5)
61985,63736025214158,sÄULE (5),sÄULE (5),sÄULE (5)
62035,63736025214180,None,sÄULE (5),None
62043,63736025214203,None,None,None
62068,63736025214226,15_Werbetafel 1 (14),None,None
62093,63736025214249,None,None,None
62110,63736025214270,sÄULE (9),sÄULE (9),sÄULE (9)
62143,63736025214294,39_Abzug,39_Abzug,39_Abzug
62151,63736025214313,None,39_Abzug,39_Abzug
62168,63736025214335,None,39_Abzug,39_Abzug
62185,63736025214358,39_Abzug,None,39_Abzug
62210,63736025214382,None,39_Abzug,39_Abzug
62251,63736025214404,None,39_Abzug,39_Abzug
62268,63736025214426,None,39_Abzug,None
62276,63736025214447,None,None,None
62301,63736025214472,None,None,None
62318,63736025214493,None,None,None
62368,63736025214514,None,39_Abzug,None
62376,63736025214537,None,None,None
62418,63736025214563,None,39_Abzug,None
62426,63736025214582,None,39_Abzug,None
62443,63736025214604,None,None,None
62468,63736025214627,None,None,None
62501,63736025214648,None,273|Mesh|C|GleisabschnittA.001,None
62510,63736025214670,None,None,None
62543,63736025214692,None,None,None
62551,63736025214715,None,None,None
62585,63736025214736,None,None,None
62601,63736025214759,None,None,None
62618,63736025214783,None,None,None
62651,63736025214804,None,None,None
62668,63736025214824,None,None,None
62685,63736025214847,None,None,None
62710,63736025214870,None,None,None
62718,63736025214894,273|Mesh|C|GleisabschnittA.001,273|Mesh|C|GleisabschnittA.001,273|Mesh|C|GleisabschnittA.001
62760,63736025214915,None,None,None
62776,63736025214937,None,None,None
62810,63736025214960,None,None,None
62810,63736025214982,None,None,None
62835,63736025215003,None,None,None
62876,63736025215027,None,None,None
62885,63736025215048,None,None,None
62918,63736025215070,None,None,None
62935,63736025215093,None,O_Wayfinding_L_HiLight,None
62951,63736025215115,None,O_Wayfinding_L_HiLight,None
62976,63736025215136,None,None,None
62993,63736025215159,None,None,None
62993,63736025215180,None,None,None
63043,63736025215203,None,None,None
63068,63736025215225,None,None,None
63085,63736025215247,None,None,None
63118,63736025215270,None,None,None
63135,63736025215291,None,None,None
63168,63736025215314,None,None,None
63176,63736025215337,None,O_Wayfinding_L_HiLight,None
63201,63736025215360,None,None,None
63226,63736025215380,None,None,None
63235,63736025215404,None,None,None
63276,63736025215425,None,O_Wayfinding_L_HiLight,None
63284,63736025215447,None,O_Wayfinding_L_HiLight,None
63318,63736025215469,None,O_Wayfinding_L_HiLight,None
63334,63736025215491,None,O_Wayfinding_L_HiLight,None
63368,63736025215513,None,O_Wayfinding_L_HiLight,None
63384,63736025215536,None,None,None
63401,63736025215558,None,None,None
63418,63736025215581,None,None,None
63443,63736025215602,None,None,None
63468,63736025215624,None,None,None
63501,63736025215645,None,None,None
63509,63736025215669,None,None,None
63526,63736025215689,None,None,41_Liniennetzplan (3)
63534,63736025215712,None,None,None
63568,63736025215735,None,None,None
63609,63736025215757,None,None,None
63618,63736025215772,None,None,None
63618,63736025215791,None,None,None
63643,63736025215812,None,None,41_Liniennetzplan (3)
63676,63736025215834,None,None,None
63701,63736025215856,None,None,None
63709,63736025215879,None,None,None
63734,63736025215901,None,None,None
63743,63736025215922,None,None,None
63801,63736025215946,None,None,None
63809,63736025215967,None,None,None
63818,63736025215982,None,None,None
63843,63736025216000,None,None,None
63851,63736025216023,None,None,None
63884,63736025216045,None,None,None
63909,63736025216062,None,None,None
63918,63736025216078,None,None,None
63934,63736025216100,None,None,None
63976,63736025216123,None,None,None
63984,63736025216144,None,None,None
64001,63736025216160,None,None,None
64026,63736025216178,None,None,None
64051,63736025216200,None,None,None
64068,63736025216222,LM|StoreBanderole,LM|StoreBanderole,LM|StoreBanderole
64084,63736025216244,LM|StoreBanderole,None,LM|StoreBanderole
64109,63736025216265,None,None,None
64109,63736025216278,None,None,None
64151,63736025216302,None,LM|StoreBanderole,None
64168,63736025216322,None,None,None
64176,63736025216336,None,LM|StoreBanderole,None
64193,63736025216355,None,None,None
64209,63736025216370,None,LM|StoreBanderole,None
64234,63736025216388,None,None,None
64243,63736025216401,None,None,None
64251,63736025216421,None,None,None
64268,63736025216433,None,LM|StoreBanderole,None
64268,63736025216454,None,LM|StoreBanderole,None
64301,63736025216467,None,None,None
64301,63736025216487,None,None,None
64326,63736025216500,None,None,None
64351,63736025216520,LM|StoreBanderole,LM|StoreBanderole,LM|StoreBanderole
64351,63736025216533,LM|StoreBanderole,LM|StoreBanderole,LM|StoreBanderole
64409,63736025216553,LM|StoreBanderole,LM|StoreBanderole,LM|StoreBanderole
64409,63736025216566,LM|StoreBanderole,LM|StoreBanderole,LM|StoreBanderole
64434,63736025216588,LM|StoreBanderole,None,LM|StoreBanderole
64451,63736025216600,LM|StoreBanderole,None,None
64459,63736025216619,None,None,None
64476,63736025216631,PlaneSafety 1,PlaneSafety 1,PlaneSafety 1
64493,63736025216653,PlaneSafety 1,PlaneSafety 1,PlaneSafety 1
64493,63736025216666,PlaneSafety 1,PlaneSafety 1,PlaneSafety 1
64518,63736025216688,PlaneSafety 1,PlaneSafety 1,PlaneSafety 1
64551,63736025216701,PlaneSafety 1,PlaneSafety 1,PlaneSafety 1
64568,63736025216720,PlaneSafety 1,PlaneSafety 1,PlaneSafety 1
64576,63736025216733,PlaneSafety 1,PlaneSafety 1,PlaneSafety 1
64593,63736025216753,Neue B_Ebene_Boden,PlaneSafety 1,PlaneSafety 1
64609,63736025216766,Neue B_Ebene_Boden,PlaneSafety 1,PlaneSafety 1
64618,63736025216786,PlaneSafety 1,PlaneSafety 1,PlaneSafety 1
64634,63736025216800,PlaneSafety 1,PlaneSafety 1,PlaneSafety 1
64659,63736025216821,PlaneSafety 1,PlaneSafety 1,PlaneSafety 1
64676,63736025216833,PlaneSafety 1,PlaneSafety 1,PlaneSafety 1
64676,63736025216853,PlaneSafety 1,PlaneSafety 1,PlaneSafety 1
64693,63736025216868,PlaneSafety 1,PlaneSafety 1,PlaneSafety 1
64718,63736025216885,Neue B_Ebene_Boden,PlaneSafety 1,PlaneSafety 1
64734,63736025216899,PlaneSafety 1,PlaneSafety 1,PlaneSafety 1
64759,63736025216919,PlaneSafety 1,PlaneSafety 1,PlaneSafety 1
64759,63736025216933,PlaneSafety 1,PlaneSafety 1,PlaneSafety 1
64792,63736025216954,PlaneSafety 1,PlaneSafety 1,PlaneSafety 1
64792,63736025216968,PlaneSafety 1,PlaneSafety 1,PlaneSafety 1
64817,63736025216987,PlaneSafety 1,PlaneSafety 1,PlaneSafety 1
64851,63736025216999,PlaneSafety 1,HelleFliesen,PlaneSafety 1
64859,63736025217020,PlaneSafety 1,DunkleFliesen,PlaneSafety 1
64876,63736025217035,PlaneSafety 1,DunkleFliesen,PlaneSafety 1
64884,63736025217053,PlaneSafety 1,DunkleFliesen,PlaneSafety 1
64909,63736025217066,PlaneSafety 1,PlaneSafety 1,PlaneSafety 1
64917,63736025217087,PlaneSafety 1,PlaneSafety 1,PlaneSafety 1
64934,63736025217099,PlaneSafety 1,PlaneSafety 1,PlaneSafety 1
64934,63736025217119,PlaneSafety 1,PlaneSafety 1,PlaneSafety 1
64967,63736025217131,PlaneSafety 1,PlaneSafety 1,PlaneSafety 1
64984,63736025217144,PlaneSafety 1,PlaneSafety 1,PlaneSafety 1
64984,63736025217163,PlaneSafety 1,PlaneSafety 1,PlaneSafety 1
65009,63736025217176,PlaneSafety 1,PlaneSafety 1,PlaneSafety 1
65034,63736025217197,PlaneSafety 1,PlaneSafety 1,PlaneSafety 1
65051,63736025217211,PlaneSafety 1,PlaneSafety 1,PlaneSafety 1
65067,63736025217230,PlaneSafety 1,DunkleFliesen,PlaneSafety 1
65076,63736025217243,PlaneSafety 1,235_Mesh_B_DBServicestore (1),PlaneSafety 1
65117,63736025217263,PlaneSafety 1,PlaneSafety 1,PlaneSafety 1
65117,63736025217274,PlaneSafety 1,PlaneSafety 1,PlaneSafety 1
65142,63736025217296,PlaneSafety 1,PlaneSafety 1,PlaneSafety 1
65142,63736025217308,PlaneSafety 1,PlaneSafety 1,PlaneSafety 1
65159,63736025217321,PlaneSafety 1,PlaneSafety 1,PlaneSafety 1
65184,63736025217341,PlaneSafety 1,PlaneSafety 1,PlaneSafety 1
65184,63736025217354,PlaneSafety 1,PlaneSafety 1,PlaneSafety 1
65201,63736025217375,PlaneSafety 1,PlaneSafety 1,PlaneSafety 1
65201,63736025217387,HelleFliesen,PlaneSafety 1,HelleFliesen
65226,63736025217399,DunkleFliesen,HelleFliesen,HelleFliesen
65251,63736025217410,HelleFliesen,HelleFliesen,HelleFliesen
65276,63736025217430,DunkleFliesen,HelleFliesen,HelleFliesen
65284,63736025217443,HelleFliesen,HelleFliesen,HelleFliesen
65301,63736025217454,DunkleFliesen,HelleFliesen,DunkleFliesen
65301,63736025217466,DunkleFliesen,HelleFliesen,DunkleFliesen
65309,63736025217485,Blindenwege,HelleFliesen,HelleFliesen
65309,63736025217497,DunkleFliesen,HelleFliesen,HelleFliesen
65342,63736025217511,HelleFliesen,HelleFliesen,HelleFliesen
65376,63736025217529,HelleFliesen,HelleFliesen,HelleFliesen
65384,63736025217541,HelleFliesen,HelleFliesen,HelleFliesen
65392,63736025217552,HelleFliesen,HelleFliesen,HelleFliesen
65409,63736025217563,HelleFliesen,HelleFliesen,HelleFliesen
65409,63736025217574,HelleFliesen,HelleFliesen,HelleFliesen
65417,63736025217585,HelleFliesen,HelleFliesen,HelleFliesen
65451,63736025217596,HelleFliesen,PlaneSafety 1,HelleFliesen
65451,63736025217607,HelleFliesen,PlaneSafety 1,HelleFliesen
65459,63736025217619,HelleFliesen,PlaneSafety 1,HelleFliesen
65484,63736025217630,HelleFliesen,PlaneSafety 1,HelleFliesen
65484,63736025217642,HelleFliesen,PlaneSafety 1,HelleFliesen
65492,63736025217653,HelleFliesen,PlaneSafety 1,HelleFliesen
65509,63736025217666,HelleFliesen,PlaneSafety 1,HelleFliesen
65517,63736025217685,HelleFliesen,PlaneSafety 1,HelleFliesen
65534,63736025217697,HelleFliesen,PlaneSafety 1,HelleFliesen
65534,63736025217708,HelleFliesen,PlaneSafety 1,HelleFliesen
65534,63736025217719,HelleFliesen,PlaneSafety 1,HelleFliesen
65567,63736025217732,HelleFliesen,PlaneSafety 1,PlaneSafety 1
65584,63736025217743,PlaneSafety 1,PlaneSafety 1,PlaneSafety 1
65609,63736025217763,PlaneSafety 1,PlaneSafety 1,PlaneSafety 1
65617,63736025217776,PlaneSafety 1,PlaneSafety 1,PlaneSafety 1
65634,63736025217788,PlaneSafety 1,PlaneSafety 1,PlaneSafety 1
65642,63736025217807,PlaneSafety 1,PlaneSafety 1,PlaneSafety 1
65659,63736025217821,PlaneSafety 1,PlaneSafety 1,PlaneSafety 1
65676,63736025217840,DunkleFliesen,PlaneSafety 1,DunkleFliesen
65692,63736025217851,HelleFliesen,HelleFliesen,DunkleFliesen
65692,63736025217862,HelleFliesen,HelleFliesen,DunkleFliesen
65709,63736025217874,HelleFliesen,HelleFliesen,DunkleFliesen
65709,63736025217885,HelleFliesen,HelleFliesen,DunkleFliesen
65742,63736025217897,HelleFliesen,DunkleFliesen,DunkleFliesen
65742,63736025217909,HelleFliesen,DunkleFliesen,DunkleFliesen
65751,63736025217920,HelleFliesen,HelleFliesen,HelleFliesen
65784,63736025217931,235_Mesh_B_DBServicestore (1),235_Mesh_B_DBServicestore (1),235_Mesh_B_DBServicestore (1)
65784,63736025217941,235_Mesh_B_DBServicestore (1),235_Mesh_B_DBServicestore (1),235_Mesh_B_DBServicestore (1)
65792,63736025217952,235_Mesh_B_DBServicestore (1),235_Mesh_B_DBServicestore (1),235_Mesh_B_DBServicestore (1)
65809,63736025217963,235_Mesh_B_DBServicestore (1),235_Mesh_B_DBServicestore (1),235_Mesh_B_DBServicestore (1)
65817,63736025217984,235_Mesh_B_DBServicestore (1),PlaneSafety 1,235_Mesh_B_DBServicestore (1)
65851,63736025217998,235_Mesh_B_DBServicestore (1),PlaneSafety 1,235_Mesh_B_DBServicestore (1)
65851,63736025218018,235_Mesh_B_DBServicestore (1),PlaneSafety 1,235_Mesh_B_DBServicestore (1)
65867,63736025218030,235_Mesh_B_DBServicestore (1),PlaneSafety 1,PlaneSafety 1
65867,63736025218041,235_Mesh_B_DBServicestore (1),PlaneSafety 1,PlaneSafety 1
65867,63736025218053,235_Mesh_B_DBServicestore (1),PlaneSafety 1,PlaneSafety 1
65892,63736025218065,235_Mesh_B_DBServicestore (1),PlaneSafety 1,235_Mesh_B_DBServicestore (1)
65926,63736025218077,235_Mesh_B_DBServicestore (1),PlaneSafety 1,235_Mesh_B_DBServicestore (1)
65926,63736025218096,235_Mesh_B_DBServicestore (1),PlaneSafety 1,235_Mesh_B_DBServicestore (1)
65942,63736025218108,235_Mesh_B_DBServicestore (1),PlaneSafety 1,235_Mesh_B_DBServicestore (1)
65976,63736025218120,235_Mesh_B_DBServicestore (1),235_Mesh_B_DBServicestore (1),235_Mesh_B_DBServicestore (1)
65984,63736025218136,235_Mesh_B_DBServicestore (1),PlaneSafety 1,235_Mesh_B_DBServicestore (1)
66001,63736025218152,235_Mesh_B_DBServicestore (1),PlaneSafety 1,235_Mesh_B_DBServicestore (1)
66001,63736025218164,235_Mesh_B_DBServicestore (1),PlaneSafety 1,235_Mesh_B_DBServicestore (1)
66009,63736025218175,235_Mesh_B_DBServicestore (1),PlaneSafety 1,235_Mesh_B_DBServicestore (1)
66026,63736025218187,235_Mesh_B_DBServicestore (1),PlaneSafety 1,235_Mesh_B_DBServicestore (1)
66042,63736025218198,235_Mesh_B_DBServicestore (1),PlaneSafety 1,235_Mesh_B_DBServicestore (1)
66042,63736025218209,235_Mesh_B_DBServicestore (1),PlaneSafety 1,235_Mesh_B_DBServicestore (1)
66051,63736025218220,235_Mesh_B_DBServicestore (1),PlaneSafety 1,PlaneSafety 1
66051,63736025218231,HelleFliesen,235_Mesh_B_DBServicestore (1),235_Mesh_B_DBServicestore (1)
66051,63736025218242,HelleFliesen,235_Mesh_B_DBServicestore (1),HelleFliesen
66101,63736025218264,HelleFliesen,DunkleFliesen,HelleFliesen
66134,63736025218275,HelleFliesen,HelleFliesen,HelleFliesen
66134,63736025218288,HelleFliesen,HelleFliesen,HelleFliesen
66151,63736025218307,HelleFliesen,HelleFliesen,HelleFliesen
66151,63736025218319,HelleFliesen,HelleFliesen,HelleFliesen
66167,63736025218330,HelleFliesen,HelleFliesen,HelleFliesen
66184,63736025218341,HelleFliesen,HelleFliesen,HelleFliesen
66184,63736025218352,HelleFliesen,HelleFliesen,HelleFliesen
66201,63736025218364,HelleFliesen,HelleFliesen,HelleFliesen
66209,63736025218375,HelleFliesen,HelleFliesen,HelleFliesen
66242,63736025218386,HelleFliesen,HelleFliesen,HelleFliesen
66242,63736025218397,HelleFliesen,HelleFliesen,HelleFliesen
66251,63736025218409,HelleFliesen,HelleFliesen,HelleFliesen
66267,63736025218420,HelleFliesen,DunkleFliesen,HelleFliesen
66276,63736025218432,None,None,None
66276,63736025218444,HelleFliesen,DunkleFliesen,HelleFliesen
66301,63736025218463,HelleFliesen,DunkleFliesen,HelleFliesen
66317,63736025218475,HelleFliesen,HelleFliesen,DunkleFliesen
66334,63736025218486,HelleFliesen,HelleFliesen,HelleFliesen
66342,63736025218497,HelleFliesen,HelleFliesen,HelleFliesen
66342,63736025218508,HelleFliesen,HelleFliesen,HelleFliesen
66359,63736025218518,HelleFliesen,HelleFliesen,HelleFliesen
66384,63736025218531,DunkleFliesen,HelleFliesen,HelleFliesen
66384,63736025218542,DunkleFliesen,HelleFliesen,HelleFliesen
66400,63736025218554,HelleFliesen,HelleFliesen,HelleFliesen
66409,63736025218566,HelleFliesen,HelleFliesen,HelleFliesen
66417,63736025218587,HelleFliesen,HelleFliesen,HelleFliesen
66442,63736025218602,HelleFliesen,HelleFliesen,HelleFliesen
66442,63736025218621,HelleFliesen,HelleFliesen,HelleFliesen
66467,63736025218632,HelleFliesen,HelleFliesen,HelleFliesen
66484,63736025218643,HelleFliesen,HelleFliesen,HelleFliesen
66500,63736025218655,HelleFliesen,HelleFliesen,HelleFliesen
66517,63736025218675,HelleFliesen,HelleFliesen,HelleFliesen
66534,63736025218685,HelleFliesen,HelleFliesen,HelleFliesen
66534,63736025218696,HelleFliesen,HelleFliesen,HelleFliesen
66542,63736025218707,HelleFliesen,HelleFliesen,HelleFliesen
66542,63736025218719,HelleFliesen,DunkleFliesen,DunkleFliesen
66542,63736025218730,DunkleFliesen,DunkleFliesen,DunkleFliesen
66575,63736025218742,DunkleFliesen,HelleFliesen,DunkleFliesen
66600,63736025218755,Blindenwege,HelleFliesen,DunkleFliesen
66600,63736025218775,DunkleFliesen,HelleFliesen,HelleFliesen
66617,63736025218786,DunkleFliesen,HelleFliesen,HelleFliesen
66642,63736025218797,DunkleFliesen,HelleFliesen,HelleFliesen
66642,63736025218807,DunkleFliesen,HelleFliesen,HelleFliesen
66650,63736025218819,DunkleFliesen,HelleFliesen,HelleFliesen
66675,63736025218830,DunkleFliesen,DunkleFliesen,DunkleFliesen
66675,63736025218842,DunkleFliesen,DunkleFliesen,DunkleFliesen
66684,63736025218852,235_Mesh_B_DBServicestore (1),235_Mesh_B_DBServicestore (1),235_Mesh_B_DBServicestore (1)
66709,63736025218862,HelleFliesen,HelleFliesen,HelleFliesen
66709,63736025218874,HelleFliesen,HelleFliesen,HelleFliesen
66709,63736025218885,HelleFliesen,HelleFliesen,HelleFliesen
66725,63736025218896,HelleFliesen,HelleFliesen,HelleFliesen
66759,63736025218908,HelleFliesen,HelleFliesen,HelleFliesen
66775,63736025218921,HelleFliesen,HelleFliesen,HelleFliesen
66784,63736025218939,38_Telefonsaeule 1 (1),38_Telefonsaeule 1 (1),38_Telefonsaeule 1 (1)
66784,63736025218950,38_Telefonsaeule 1 (1),38_Telefonsaeule 1 (1),38_Telefonsaeule 1 (1)
66800,63736025218961,HelleFliesen,HelleFliesen,HelleFliesen
66809,63736025218972,HelleFliesen,DunkleFliesen,HelleFliesen
66809,63736025218984,HelleFliesen,DunkleFliesen,HelleFliesen
66809,63736025218995,HelleFliesen,Blindenwege,HelleFliesen
66842,63736025219006,HelleFliesen,Blindenwege,DunkleFliesen
66867,63736025219017,HelleFliesen,Blindenwege,DunkleFliesen
66867,63736025219028,DunkleFliesen,Blindenwege,DunkleFliesen
66875,63736025219039,Bahnsteigkante,None,None
66900,63736025219051,None,None,None
66900,63736025219061,None,None,None
66909,63736025219072,None,Bahnsteigkante,None
66917,63736025219084,None,Bahnsteigkante,None
66917,63736025219095,None,Bahnsteigkante,None
66950,63736025219106,Bahnsteigkante,Bahnsteigkante,Bahnsteigkante
66967,63736025219116,None,Bahnsteigkante,None
66967,63736025219127,None,Bahnsteigkante,None
66975,63736025219138,None,None,None
67000,63736025219149,None,Bahnsteigkante,None
67009,63736025219160,None,None,None
67009,63736025219171,None,None,None
67025,63736025219182,Bahnsteigkante,Bahnsteigkante,Bahnsteigkante
67042,63736025219193,Bahnsteigkante,None,Bahnsteigkante
67042,63736025219204,Bahnsteigkante,None,Bahnsteigkante
67050,63736025219215,Bahnsteigkante,None,Bahnsteigkante
67067,63736025219225,Bahnsteigkante,None,Bahnsteigkante
67067,63736025219236,Bahnsteigkante,None,Bahnsteigkante
67084,63736025219248,DunkleFliesen,None,Bahnsteigkante
67109,63736025219259,DunkleFliesen,Bahnsteigkante,Bahnsteigkante
67109,63736025219270,DunkleFliesen,Bahnsteigkante,Bahnsteigkante
67117,63736025219281,DunkleFliesen,Bahnsteigkante,Bahnsteigkante
67134,63736025219292,Bahnsteigkante,Bahnsteigkante,Bahnsteigkante
67134,63736025219302,Bahnsteigkante,Bahnsteigkante,Bahnsteigkante
67159,63736025219314,DunkleFliesen,DunkleFliesen,DunkleFliesen
67175,63736025219325,DunkleFliesen,DunkleFliesen,Blindenwege
67184,63736025219337,DunkleFliesen,DunkleFliesen,DunkleFliesen
67184,63736025219349,DunkleFliesen,DunkleFliesen,DunkleFliesen
67209,63736025219361,None,None,None
67217,63736025219372,None,None,None
67225,63736025219383,None,None,None
67225,63736025219395,None,None,None
67242,63736025219406,None,None,None
67242,63736025219417,None,None,None
67242,63736025219429,None,None,None
67275,63736025219440,None,None,None
67309,63736025219452,None,None,None
67309,63736025219462,None,None,None
67317,63736025219473,None,None,None
67325,63736025219486,None,None,None
67342,63736025219497,None,None,None
67342,63736025219507,None,None,None
67350,63736025219520,None,None,None
67350,63736025219530,None,None,None
67350,63736025219541,None,None,None
67400,63736025219552,None,None,None
67409,63736025219563,None,None,None
67425,63736025219574,None,None,None
67425,63736025219585,None,None,None
67442,63736025219597,None,None,None
67450,63736025219608,PlaneSafety 1 (1),PlaneSafety 1 (1),PlaneSafety 1 (1)
67450,63736025219619,None,PlaneSafety 1 (1),None
67467,63736025219630,None,PlaneSafety 1 (1),None
67475,63736025219640,Bahnsteigkante,None,None
67475,63736025219652,Bahnsteigkante,None,None
67509,63736025219662,Bahnsteigkante,None,None
67517,63736025219674,Bahnsteigkante,None,None
67534,63736025219685,Bahnsteigkante,None,None
67534,63736025219696,Bahnsteigkante,None,None
67542,63736025219707,Bahnsteigkante,Bahnsteigkante,Bahnsteigkante
67542,63736025219718,Bahnsteigkante,Bahnsteigkante,Bahnsteigkante
67542,63736025219729,Bahnsteigkante,Bahnsteigkante,Bahnsteigkante
67575,63736025219740,HelleFliesen,HelleFliesen,HelleFliesen
67600,63736025219752,HelleFliesen,HelleFliesen,HelleFliesen
67617,63736025219763,HelleFliesen,HelleFliesen,HelleFliesen
67617,63736025219774,HelleFliesen,HelleFliesen,HelleFliesen
67634,63736025219785,HelleFliesen,HelleFliesen,HelleFliesen
67642,63736025219796,HelleFliesen,HelleFliesen,HelleFliesen
67642,63736025219807,HelleFliesen,HelleFliesen,HelleFliesen
67667,63736025219819,HelleFliesen,HelleFliesen,HelleFliesen
67675,63736025219830,HelleFliesen,HelleFliesen,HelleFliesen
67675,63736025219840,HelleFliesen,HelleFliesen,HelleFliesen
67700,63736025219851,DunkleFliesen,HelleFliesen,DunkleFliesen
67717,63736025219863,PlaneSafety 1 (1),PlaneSafety 1 (1),PlaneSafety 1 (1)
67717,63736025219874,PlaneSafety 1 (1),PlaneSafety 1 (1),PlaneSafety 1 (1)
67725,63736025219885,PlaneSafety 1 (1),PlaneSafety 1 (1),PlaneSafety 1 (1)
67742,63736025219896,None,PlaneSafety 1 (1),None
67750,63736025219907,None,PlaneSafety 1 (1),PlaneSafety 1 (1)
67750,63736025219918,PlaneSafety 1 (1),PlaneSafety 1 (1),PlaneSafety 1 (1)
67775,63736025219930,PlaneSafety 1 (1),PlaneSafety 1 (1),PlaneSafety 1 (1)
67784,63736025219941,PlaneSafety 1 (1),PlaneSafety 1 (1),PlaneSafety 1 (1)
67784,63736025219952,PlaneSafety 1 (1),PlaneSafety 1 (1),PlaneSafety 1 (1)
67800,63736025219964,PlaneSafety 1 (1),PlaneSafety 1 (1),PlaneSafety 1 (1)
67817,63736025219974,PlaneSafety 1 (1),PlaneSafety 1 (1),PlaneSafety 1 (1)
67834,63736025219985,PlaneSafety 1 (1),PlaneSafety 1 (1),PlaneSafety 1 (1)
67834,63736025219995,PlaneSafety 1 (1),PlaneSafety 1 (1),PlaneSafety 1 (1)
67842,63736025220007,PlaneSafety 1 (1),PlaneSafety 1 (1),PlaneSafety 1 (1)
67842,63736025220018,PlaneSafety 1 (1),PlaneSafety 1 (1),PlaneSafety 1 (1)
67842,63736025220030,PlaneSafety 1 (1),PlaneSafety 1 (1),PlaneSafety 1 (1)
67875,63736025220041,PlaneSafety 1 (1),PlaneSafety 1 (1),PlaneSafety 1 (1)
67875,63736025220052,PlaneSafety 1 (1),PlaneSafety 1 (1),PlaneSafety 1 (1)
67875,63736025220063,PlaneSafety 1 (1),PlaneSafety 1 (1),PlaneSafety 1 (1)
67908,63736025220074,PlaneSafety 1 (1),PlaneSafety 1 (1),PlaneSafety 1 (1)
67942,63736025220086,PlaneSafety 1 (1),PlaneSafety 1 (1),PlaneSafety 1 (1)
67942,63736025220096,PlaneSafety 1 (1),PlaneSafety 1 (1),PlaneSafety 1 (1)
67942,63736025220107,PlaneSafety 1 (1),PlaneSafety 1 (1),PlaneSafety 1 (1)
67950,63736025220118,Bahnsteigkante,Bahnsteigkante,Bahnsteigkante
67983,63736025220130,HelleFliesen,HelleFliesen,HelleFliesen
67983,63736025220141,HelleFliesen,HelleFliesen,HelleFliesen
67992,63736025220151,HelleFliesen,HelleFliesen,HelleFliesen
68008,63736025220163,HelleFliesen,HelleFliesen,HelleFliesen
68017,63736025220174,HelleFliesen,HelleFliesen,HelleFliesen
68042,63736025220191,HelleFliesen,HelleFliesen,HelleFliesen
68042,63736025220199,HelleFliesen,HelleFliesen,HelleFliesen
68050,63736025220214,HelleFliesen,HelleFliesen,HelleFliesen
68058,63736025220226,HelleFliesen,HelleFliesen,HelleFliesen
68058,63736025220236,HelleFliesen,HelleFliesen,HelleFliesen
68092,63736025220247,HelleFliesen,HelleFliesen,HelleFliesen
68108,63736025220259,HelleFliesen,HelleFliesen,HelleFliesen
68125,63736025220270,HelleFliesen,HelleFliesen,HelleFliesen
68125,63736025220281,HelleFliesen,HelleFliesen,HelleFliesen
68142,63736025220293,HelleFliesen,HelleFliesen,HelleFliesen
68150,63736025220303,HelleFliesen,HelleFliesen,HelleFliesen
68150,63736025220315,HelleFliesen,HelleFliesen,HelleFliesen
68167,63736025220325,HelleFliesen,HelleFliesen,HelleFliesen
68183,63736025220336,HelleFliesen,DunkleFliesen,HelleFliesen
68183,63736025220348,HelleFliesen,Blindenwege,HelleFliesen
68192,63736025220358,HelleFliesen,Blindenwege,HelleFliesen
68208,63736025220370,PlaneSafety 1 (1),PlaneSafety 1 (1),PlaneSafety 1 (1)
68208,63736025220380,PlaneSafety 1 (1),PlaneSafety 1 (1),PlaneSafety 1 (1)
68208,63736025220391,PlaneSafety 1 (1),PlaneSafety 1 (1),PlaneSafety 1 (1)
68242,63736025220404,PlaneSafety 1 (1),PlaneSafety 1 (1),PlaneSafety 1 (1)
68267,63736025220414,PlaneSafety 1 (1),PlaneSafety 1 (1),PlaneSafety 1 (1)
68267,63736025220425,PlaneSafety 1 (1),PlaneSafety 1 (1),PlaneSafety 1 (1)
68283,63736025220436,PlaneSafety 1 (1),PlaneSafety 1 (1),PlaneSafety 1 (1)
68292,63736025220447,PlaneSafety 1 (1),PlaneSafety 1 (1),PlaneSafety 1 (1)
68308,63736025220459,PlaneSafety 1 (1),PlaneSafety 1 (1),PlaneSafety 1 (1)
68308,63736025220469,PlaneSafety 1 (1),PlaneSafety 1 (1),PlaneSafety 1 (1)
68325,63736025220480,PlaneSafety 1 (1),PlaneSafety 1 (1),PlaneSafety 1 (1)
68342,63736025220492,PlaneSafety 1 (1),PlaneSafety 1 (1),PlaneSafety 1 (1)
68342,63736025220503,PlaneSafety 1 (1),PlaneSafety 1 (1),PlaneSafety 1 (1)
68350,63736025220514,PlaneSafety 1 (1),PlaneSafety 1 (1),PlaneSafety 1 (1)
68367,63736025220525,PlaneSafety 1 (1),PlaneSafety 1 (1),PlaneSafety 1 (1)
68367,63736025220537,PlaneSafety 1 (1),PlaneSafety 1 (1),PlaneSafety 1 (1)
68383,63736025220547,PlaneSafety 1 (1),PlaneSafety 1 (1),PlaneSafety 1 (1)
68400,63736025220559,PlaneSafety 1 (1),PlaneSafety 1 (1),PlaneSafety 1 (1)
68408,63736025220570,PlaneSafety 1 (1),PlaneSafety 1 (1),PlaneSafety 1 (1)
68408,63736025220582,PlaneSafety 1 (1),PlaneSafety 1 (1),PlaneSafety 1 (1)
68442,63736025220593,PlaneSafety 1 (1),PlaneSafety 1 (1),PlaneSafety 1 (1)
68450,63736025220604,PlaneSafety 1 (1),PlaneSafety 1 (1),PlaneSafety 1 (1)
68450,63736025220615,PlaneSafety 1 (1),PlaneSafety 1 (1),PlaneSafety 1 (1)
68467,63736025220627,PlaneSafety 1 (1),PlaneSafety 1 (1),PlaneSafety 1 (1)
68483,63736025220639,PlaneSafety 1 (1),PlaneSafety 1 (1),PlaneSafety 1 (1)
68500,63736025220649,PlaneSafety 1 (1),PlaneSafety 1 (1),PlaneSafety 1 (1)
68500,63736025220662,PlaneSafety 1 (1),PlaneSafety 1 (1),PlaneSafety 1 (1)
68508,63736025220672,PlaneSafety 1 (1),PlaneSafety 1 (1),PlaneSafety 1 (1)
68525,63736025220684,PlaneSafety 1 (1),PlaneSafety 1 (1),PlaneSafety 1 (1)
68525,63736025220695,PlaneSafety 1 (1),PlaneSafety 1 (1),PlaneSafety 1 (1)
68542,63736025220707,PlaneSafety 1 (1),PlaneSafety 1 (1),PlaneSafety 1 (1)
68550,63736025220718,PlaneSafety 1 (1),PlaneSafety 1 (1),PlaneSafety 1 (1)
68567,63736025220729,PlaneSafety 1 (1),PlaneSafety 1 (1),PlaneSafety 1 (1)
68567,63736025220740,PlaneSafety 1 (1),PlaneSafety 1 (1),PlaneSafety 1 (1)
68583,63736025220752,PlaneSafety 1 (1),PlaneSafety 1 (1),PlaneSafety 1 (1)
68583,63736025220762,PlaneSafety 1 (1),PlaneSafety 1 (1),PlaneSafety 1 (1)
68583,63736025220773,PlaneSafety 1 (1),PlaneSafety 1 (1),PlaneSafety 1 (1)
68617,63736025220784,PlaneSafety 1 (1),PlaneSafety 1 (1),PlaneSafety 1 (1)
68642,63736025220795,PlaneSafety 1 (1),PlaneSafety 1 (1),PlaneSafety 1 (1)
68642,63736025220806,PlaneSafety 1 (1),PlaneSafety 1 (1),PlaneSafety 1 (1)
68642,63736025220817,PlaneSafety 1 (1),PlaneSafety 1 (1),PlaneSafety 1 (1)
68658,63736025220829,PlaneSafety 1 (1),PlaneSafety 1 (1),PlaneSafety 1 (1)
68683,63736025220840,PlaneSafety 1 (1),PlaneSafety 1 (1),PlaneSafety 1 (1)
68683,63736025220851,PlaneSafety 1 (1),PlaneSafety 1 (1),PlaneSafety 1 (1)
68708,63736025220864,PlaneSafety 1 (1),PlaneSafety 1 (1),PlaneSafety 1 (1)
68717,63736025220874,PlaneSafety 1 (1),PlaneSafety 1 (1),PlaneSafety 1 (1)
68717,63736025220886,PlaneSafety 1 (1),PlaneSafety 1 (1),PlaneSafety 1 (1)
68733,63736025220897,PlaneSafety 1 (1),PlaneSafety 1 (1),PlaneSafety 1 (1)
68758,63736025220908,PlaneSafety 1 (1),PlaneSafety 1 (1),PlaneSafety 1 (1)
68758,63736025220920,PlaneSafety 1 (1),PlaneSafety 1 (1),PlaneSafety 1 (1)
68758,63736025220930,PlaneSafety 1 (1),PlaneSafety 1 (1),PlaneSafety 1 (1)
68775,63736025220941,PlaneSafety 1 (1),PlaneSafety 1 (1),PlaneSafety 1 (1)
68808,63736025220952,PlaneSafety 1 (1),PlaneSafety 1 (1),PlaneSafety 1 (1)
68808,63736025220964,PlaneSafety 1 (1),PlaneSafety 1 (1),PlaneSafety 1 (1)
68817,63736025220975,PlaneSafety 1 (1),PlaneSafety 1 (1),PlaneSafety 1 (1)
68817,63736025220986,PlaneSafety 1 (1),PlaneSafety 1 (1),PlaneSafety 1 (1)
68817,63736025220997,PlaneSafety 1 (1),PlaneSafety 1 (1),PlaneSafety 1 (1)
68842,63736025221009,PlaneSafety 1 (1),PlaneSafety 1 (1),PlaneSafety 1 (1)
68867,63736025221019,PlaneSafety 1 (1),PlaneSafety 1 (1),PlaneSafety 1 (1)
68867,63736025221030,PlaneSafety 1 (1),PlaneSafety 1 (1),PlaneSafety 1 (1)
68875,63736025221041,PlaneSafety 1 (1),PlaneSafety 1 (1),PlaneSafety 1 (1)
68900,63736025221052,PlaneSafety 1 (1),PlaneSafety 1 (1),PlaneSafety 1 (1)
68900,63736025221063,PlaneSafety 1 (1),PlaneSafety 1 (1),PlaneSafety 1 (1)
68908,63736025221074,PlaneSafety 1 (1),PlaneSafety 1 (1),PlaneSafety 1 (1)
68925,63736025221085,PlaneSafety 1 (1),PlaneSafety 1 (1),PlaneSafety 1 (1)
68942,63736025221096,PlaneSafety 1 (1),PlaneSafety 1 (1),PlaneSafety 1 (1)
68942,63736025221108,PlaneSafety 1 (1),PlaneSafety 1 (1),PlaneSafety 1 (1)
68967,63736025221119,PlaneSafety 1 (1),PlaneSafety 1 (1),PlaneSafety 1 (1)
68975,63736025221130,PlaneSafety 1 (1),PlaneSafety 1 (1),PlaneSafety 1 (1)
68975,63736025221142,PlaneSafety 1 (1),PlaneSafety 1 (1),PlaneSafety 1 (1)
68992,63736025221152,PlaneSafety 1 (1),PlaneSafety 1 (1),PlaneSafety 1 (1)
69008,63736025221163,PlaneSafety 1 (1),PlaneSafety 1 (1),PlaneSafety 1 (1)
69008,63736025221174,PlaneSafety 1 (1),PlaneSafety 1 (1),PlaneSafety 1 (1)
69017,63736025221185,PlaneSafety 1 (1),PlaneSafety 1 (1),PlaneSafety 1 (1)
69033,63736025221196,PlaneSafety 1 (1),PlaneSafety 1 (1),PlaneSafety 1 (1)
69033,63736025221207,PlaneSafety 1 (1),PlaneSafety 1 (1),PlaneSafety 1 (1)
69033,63736025221219,PlaneSafety 1 (1),PlaneSafety 1 (1),PlaneSafety 1 (1)
69067,63736025221230,PlaneSafety 1 (1),PlaneSafety 1 (1),PlaneSafety 1 (1)
69067,63736025221241,PlaneSafety 1 (1),PlaneSafety 1 (1),PlaneSafety 1 (1)
69067,63736025221252,PlaneSafety 1 (1),PlaneSafety 1 (1),PlaneSafety 1 (1)
69100,63736025221262,PlaneSafety 1 (1),PlaneSafety 1 (1),PlaneSafety 1 (1)
69125,63736025221274,PlaneSafety 1 (1),PlaneSafety 1 (1),PlaneSafety 1 (1)
69125,63736025221285,PlaneSafety 1 (1),PlaneSafety 1 (1),PlaneSafety 1 (1)
69133,63736025221296,PlaneSafety 1 (1),PlaneSafety 1 (1),PlaneSafety 1 (1)
69150,63736025221308,PlaneSafety 1 (1),PlaneSafety 1 (1),PlaneSafety 1 (1)
69150,63736025221318,PlaneSafety 1 (1),PlaneSafety 1 (1),PlaneSafety 1 (1)
69175,63736025221330,PlaneSafety 1 (1),PlaneSafety 1 (1),PlaneSafety 1 (1)
69183,63736025221341,PlaneSafety 1 (1),PlaneSafety 1 (1),PlaneSafety 1 (1)
69200,63736025221354,PlaneSafety 1 (1),PlaneSafety 1 (1),PlaneSafety 1 (1)
69200,63736025221364,PlaneSafety 1 (1),PlaneSafety 1 (1),PlaneSafety 1 (1)
69217,63736025221375,PlaneSafety 1 (1),PlaneSafety 1 (1),PlaneSafety 1 (1)
69233,63736025221387,PlaneSafety 1 (1),PlaneSafety 1 (1),PlaneSafety 1 (1)
69233,63736025221397,PlaneSafety 1 (1),PlaneSafety 1 (1),PlaneSafety 1 (1)
69242,63736025221408,PlaneSafety 1 (1),PlaneSafety 1 (1),PlaneSafety 1 (1)
69275,63736025221419,PlaneSafety 1 (1),PlaneSafety 1 (1),PlaneSafety 1 (1)
69275,63736025221430,PlaneSafety 1 (1),PlaneSafety 1 (1),PlaneSafety 1 (1)
69283,63736025221441,PlaneSafety 1 (1),PlaneSafety 1 (1),PlaneSafety 1 (1)
69300,63736025221452,PlaneSafety 1 (1),PlaneSafety 1 (1),PlaneSafety 1 (1)
69308,63736025221464,PlaneSafety 1 (1),PlaneSafety 1 (1),PlaneSafety 1 (1)
69308,63736025221474,PlaneSafety 1 (1),PlaneSafety 1 (1),PlaneSafety 1 (1)
69325,63736025221485,PlaneSafety 1 (1),PlaneSafety 1 (1),PlaneSafety 1 (1)
69342,63736025221497,PlaneSafety 1 (1),PlaneSafety 1 (1),PlaneSafety 1 (1)
69342,63736025221507,PlaneSafety 1 (1),PlaneSafety 1 (1),PlaneSafety 1 (1)
69350,63736025221518,PlaneSafety 1 (1),PlaneSafety 1 (1),PlaneSafety 1 (1)
69375,63736025221529,PlaneSafety 1 (1),PlaneSafety 1 (1),PlaneSafety 1 (1)
69375,63736025221541,PlaneSafety 1 (1),PlaneSafety 1 (1),PlaneSafety 1 (1)
69400,63736025221552,PlaneSafety 1 (1),PlaneSafety 1 (1),PlaneSafety 1 (1)
69408,63736025221563,PlaneSafety 1 (1),PlaneSafety 1 (1),PlaneSafety 1 (1)
69408,63736025221574,PlaneSafety 1 (1),PlaneSafety 1 (1),PlaneSafety 1 (1)
69408,63736025221585,PlaneSafety 1 (1),PlaneSafety 1 (1),PlaneSafety 1 (1)
69425,63736025221596,PlaneSafety 1 (1),PlaneSafety 1 (1),PlaneSafety 1 (1)
69458,63736025221607,PlaneSafety 1 (1),PlaneSafety 1 (1),PlaneSafety 1 (1)
69458,63736025221618,PlaneSafety 1 (1),PlaneSafety 1 (1),PlaneSafety 1 (1)
69466,63736025221629,PlaneSafety 1 (1),PlaneSafety 1 (1),PlaneSafety 1 (1)
69483,63736025221640,PlaneSafety 1 (1),PlaneSafety 1 (1),PlaneSafety 1 (1)
69483,63736025221651,PlaneSafety 1 (1),PlaneSafety 1 (1),PlaneSafety 1 (1)
69500,63736025221662,PlaneSafety 1 (1),PlaneSafety 1 (1),PlaneSafety 1 (1)
69525,63736025221673,PlaneSafety 1 (1),PlaneSafety 1 (1),PlaneSafety 1 (1)
69525,63736025221684,PlaneSafety 1 (1),PlaneSafety 1 (1),PlaneSafety 1 (1)
69525,63736025221696,PlaneSafety 1 (1),PlaneSafety 1 (1),PlaneSafety 1 (1)
69541,63736025221706,PlaneSafety 1 (1),PlaneSafety 1 (1),PlaneSafety 1 (1)
69541,63736025221717,PlaneSafety 1 (1),PlaneSafety 1 (1),PlaneSafety 1 (1)
69541,63736025221728,PlaneSafety 1 (1),PlaneSafety 1 (1),PlaneSafety 1 (1)
69575,63736025221740,PlaneSafety 1 (1),PlaneSafety 1 (1),PlaneSafety 1 (1)
69591,63736025221751,DunkleFliesen,DunkleFliesen,DunkleFliesen
69591,63736025221761,DunkleFliesen,DunkleFliesen,DunkleFliesen
69616,63736025221773,HelleFliesen,HelleFliesen,HelleFliesen
69625,63736025221784,HelleFliesen,HelleFliesen,HelleFliesen
69625,63736025221795,HelleFliesen,HelleFliesen,HelleFliesen
69641,63736025221806,HelleFliesen,HelleFliesen,HelleFliesen
69658,63736025221818,HelleFliesen,HelleFliesen,HelleFliesen
69658,63736025221829,HelleFliesen,HelleFliesen,HelleFliesen
69658,63736025221840,HelleFliesen,HelleFliesen,HelleFliesen
69683,63736025221852,HelleFliesen,HelleFliesen,HelleFliesen
69716,63736025221862,HelleFliesen,HelleFliesen,HelleFliesen
69716,63736025221873,HelleFliesen,HelleFliesen,HelleFliesen
69725,63736025221884,HelleFliesen,HelleFliesen,HelleFliesen
69741,63736025221896,HelleFliesen,HelleFliesen,HelleFliesen
69758,63736025221907,HelleFliesen,HelleFliesen,HelleFliesen
69758,63736025221918,HelleFliesen,HelleFliesen,HelleFliesen
69775,63736025221929,HelleFliesen,HelleFliesen,HelleFliesen
69775,63736025221940,HelleFliesen,HelleFliesen,HelleFliesen
69775,63736025221951,HelleFliesen,HelleFliesen,HelleFliesen
69791,63736025221963,HelleFliesen,HelleFliesen,HelleFliesen
69816,63736025221974,HelleFliesen,HelleFliesen,HelleFliesen
69816,63736025221985,HelleFliesen,HelleFliesen,HelleFliesen
69833,63736025221995,HelleFliesen,HelleFliesen,HelleFliesen
69850,63736025222008,HelleFliesen,HelleFliesen,HelleFliesen
69866,63736025222018,HelleFliesen,HelleFliesen,HelleFliesen
69866,63736025222029,HelleFliesen,HelleFliesen,HelleFliesen
69883,63736025222041,HelleFliesen,HelleFliesen,HelleFliesen
69900,63736025222052,HelleFliesen,HelleFliesen,HelleFliesen
69900,63736025222062,HelleFliesen,HelleFliesen,HelleFliesen
69916,63736025222073,HelleFliesen,HelleFliesen,HelleFliesen
69933,63736025222085,HelleFliesen,HelleFliesen,HelleFliesen
69933,63736025222095,HelleFliesen,HelleFliesen,HelleFliesen
69941,63736025222107,HelleFliesen,HelleFliesen,HelleFliesen
69958,63736025222118,HelleFliesen,HelleFliesen,HelleFliesen
69958,63736025222129,HelleFliesen,HelleFliesen,HelleFliesen
69975,63736025222140,HelleFliesen,HelleFliesen,HelleFliesen
69991,63736025222151,HelleFliesen,HelleFliesen,HelleFliesen
70008,63736025222162,HelleFliesen,HelleFliesen,HelleFliesen
70008,63736025222173,HelleFliesen,HelleFliesen,HelleFliesen
70025,63736025222184,HelleFliesen,HelleFliesen,HelleFliesen
70041,63736025222195,HelleFliesen,HelleFliesen,HelleFliesen
70041,63736025222207,HelleFliesen,HelleFliesen,HelleFliesen
70050,63736025222218,HelleFliesen,HelleFliesen,HelleFliesen
70075,63736025222229,HelleFliesen,HelleFliesen,HelleFliesen
70075,63736025222240,HelleFliesen,HelleFliesen,HelleFliesen
70091,63736025222251,HelleFliesen,HelleFliesen,HelleFliesen
70108,63736025222263,HelleFliesen,HelleFliesen,HelleFliesen
70116,63736025222274,HelleFliesen,HelleFliesen,HelleFliesen
70116,63736025222284,HelleFliesen,HelleFliesen,HelleFliesen
70133,63736025222296,HelleFliesen,HelleFliesen,HelleFliesen
70133,63736025222307,HelleFliesen,HelleFliesen,HelleFliesen
70133,63736025222318,HelleFliesen,HelleFliesen,HelleFliesen
70158,63736025222329,HelleFliesen,HelleFliesen,HelleFliesen
70191,63736025222340,HelleFliesen,HelleFliesen,HelleFliesen
70191,63736025222351,HelleFliesen,HelleFliesen,HelleFliesen
70208,63736025222362,DunkleFliesen,Bahnsteigkante,DunkleFliesen
70216,63736025222374,Bahnsteigkante,Bahnsteigkante,Bahnsteigkante
70233,63736025222386,PlaneSafety 1 (1),PlaneSafety 1 (1),PlaneSafety 1 (1)
70233,63736025222395,PlaneSafety 1 (1),PlaneSafety 1 (1),PlaneSafety 1 (1)
70250,63736025222406,PlaneSafety 1 (1),PlaneSafety 1 (1),PlaneSafety 1 (1)
70258,63736025222417,PlaneSafety 1 (1),PlaneSafety 1 (1),PlaneSafety 1 (1)
70258,63736025222429,PlaneSafety 1 (1),PlaneSafety 1 (1),PlaneSafety 1 (1)
70275,63736025222440,PlaneSafety 1 (1),PlaneSafety 1 (1),PlaneSafety 1 (1)
70275,63736025222451,PlaneSafety 1 (1),PlaneSafety 1 (1),PlaneSafety 1 (1)
70275,63736025222462,PlaneSafety 1 (1),PlaneSafety 1 (1),PlaneSafety 1 (1)
70308,63736025222473,None,Bahnsteigkante,Bahnsteigkante
70341,63736025222484,PlaneSafety 1 (1),None,PlaneSafety 1 (1)
70341,63736025222495,PlaneSafety 1 (1),None,PlaneSafety 1 (1)
70350,63736025222506,PlaneSafety 1 (1),PlaneSafety 1 (1),PlaneSafety 1 (1)
70366,63736025222517,PlaneSafety 1 (1),Bahnsteigkante,PlaneSafety 1 (1)
70383,63736025222529,None,None,None
70383,63736025222540,PlaneSafety 1 (1),PlaneSafety 1 (1),PlaneSafety 1 (1)
70391,63736025222551,PlaneSafety 1 (1),None,PlaneSafety 1 (1)
70408,63736025222562,PlaneSafety 1 (1),None,PlaneSafety 1 (1)
70408,63736025222574,PlaneSafety 1 (1),None,PlaneSafety 1 (1)
70425,63736025222584,Bahnsteigkante,Bahnsteigkante,Bahnsteigkante
70441,63736025222595,Bahnsteigkante,Bahnsteigkante,Bahnsteigkante
70441,63736025222606,Bahnsteigkante,Bahnsteigkante,Bahnsteigkante
70450,63736025222617,Bahnsteigkante,Bahnsteigkante,Bahnsteigkante
70475,63736025222628,Bahnsteigkante,Bahnsteigkante,Bahnsteigkante
70475,63736025222639,Bahnsteigkante,DunkleFliesen,DunkleFliesen
70483,63736025222651,Bahnsteigkante,DunkleFliesen,DunkleFliesen
70508,63736025222662,Bahnsteigkante,DunkleFliesen,DunkleFliesen
70516,63736025222672,DunkleFliesen,DunkleFliesen,DunkleFliesen
70516,63736025222684,DunkleFliesen,DunkleFliesen,DunkleFliesen
70533,63736025222695,DunkleFliesen,DunkleFliesen,DunkleFliesen
70533,63736025222706,DunkleFliesen,DunkleFliesen,DunkleFliesen
70533,63736025222717,DunkleFliesen,DunkleFliesen,DunkleFliesen
70558,63736025222730,DunkleFliesen,DunkleFliesen,DunkleFliesen
70591,63736025222740,Bahnsteigkante,DunkleFliesen,Bahnsteigkante
70608,63736025222751,Bahnsteigkante,DunkleFliesen,DunkleFliesen
70608,63736025222763,DunkleFliesen,DunkleFliesen,DunkleFliesen
70616,63736025222773,DunkleFliesen,DunkleFliesen,DunkleFliesen
70633,63736025222785,Bahnsteigkante,DunkleFliesen,DunkleFliesen
70633,63736025222795,DunkleFliesen,DunkleFliesen,DunkleFliesen
70641,63736025222807,DunkleFliesen,DunkleFliesen,DunkleFliesen
70666,63736025222818,HelleFliesen,HelleFliesen,HelleFliesen
70666,63736025222829,HelleFliesen,HelleFliesen,HelleFliesen
70683,63736025222840,HelleFliesen,HelleFliesen,HelleFliesen
70700,63736025222851,HelleFliesen,HelleFliesen,HelleFliesen
70700,63736025222862,HelleFliesen,HelleFliesen,HelleFliesen
70708,63736025222874,HelleFliesen,HelleFliesen,HelleFliesen
70733,63736025222885,HelleFliesen,HelleFliesen,HelleFliesen
70733,63736025222895,HelleFliesen,HelleFliesen,HelleFliesen
70733,63736025222907,HelleFliesen,HelleFliesen,HelleFliesen
70750,63736025222917,HelleFliesen,HelleFliesen,HelleFliesen
70775,63736025222929,HelleFliesen,HelleFliesen,HelleFliesen
70775,63736025222940,HelleFliesen,HelleFliesen,HelleFliesen
70791,63736025222951,None,None,None
70808,63736025222962,None,None,None
70808,63736025222973,None,None,None
70816,63736025222984,None,None,None
70841,63736025222995,None,None,None
70850,63736025223007,None,None,None
70850,63736025223018,None,None,None
70866,63736025223029,None,None,None
70875,63736025223040,None,None,None
70875,63736025223051,None,None,None
70908,63736025223062,None,None,None
70916,63736025223074,None,None,None
70916,63736025223084,None,None,None
70941,63736025223095,None,None,None
70949,63736025223106,None,None,None
70966,63736025223117,None,None,None
70966,63736025223128,None,None,None
70974,63736025223139,None,Station Name,None
71008,63736025223150,None,None,None
71008,63736025223161,None,None,None
71016,63736025223172,None,None,None
71024,63736025223183,None,None,None
71049,63736025223194,None,None,None
71049,63736025223206,None,None,None
71058,63736025223217,None,None,None
71074,63736025223228,None,None,None
71074,63736025223239,None,None,None
71083,63736025223250,None,None,None
71108,63736025223262,None,None,None
71116,63736025223272,None,None,None
71116,63736025223283,None,None,None
71141,63736025223295,None,Station Name,None
71149,63736025223306,Station Name,None,None
71149,63736025223317,Station Name,None,None
71174,63736025223328,Station Name,None,Station Name
71183,63736025223339,None,None,None
71183,63736025223350,None,None,None
71199,63736025223361,Station Name,None,None
71199,63736025223372,None,None,None
71199,63736025223383,None,None,None
71224,63736025223394,Station Name,None,Station Name
71249,63736025223406,Station Name,None,None
71274,63736025223418,Station Name,None,None
71274,63736025223428,Station Name,None,None
71283,63736025223439,Station Name,None,None
71291,63736025223450,Station Name,None,None
71291,63736025223461,Station Name,None,None
71308,63736025223472,Station Name,None,None
71308,63736025223483,Station Name,None,None
71308,63736025223495,None,None,None
71341,63736025223506,Station Name,None,None
71374,63736025223517,Station Name,None,Station Name
71374,63736025223528,Station Name,None,Station Name
71374,63736025223540,Station Name,None,Station Name
71383,63736025223551,Station Name,None,Station Name
71416,63736025223563,None,None,None
71416,63736025223574,None,None,None
71424,63736025223585,None,None,None
71441,63736025223595,None,None,None
71458,63736025223607,None,None,None
71458,63736025223618,None,None,None
71474,63736025223629,None,None,None
71483,63736025223640,None,None,None
71483,63736025223651,None,None,None
71508,63736025223662,None,None,None
71516,63736025223673,None,None,None
71516,63736025223684,None,None,None
71524,63736025223696,None,None,None
71549,63736025223707,None,None,None
71549,63736025223718,None,None,None
71566,63736025223729,None,None,None
71583,63736025223740,None,None,None
71608,63736025223751,None,None,None
71608,63736025223763,None,None,None
71616,63736025223774,None,None,None
71616,63736025223784,None,None,None
71616,63736025223796,None,None,None
71641,63736025223807,None,None,None
71666,63736025223817,None,None,None
71666,63736025223829,None,None,None
71674,63736025223840,None,None,None
71691,63736025223851,None,None,None
71691,63736025223862,None,None,None
71708,63736025223873,None,None,None
71708,63736025223884,None,None,None
71733,63736025223895,None,None,None
71733,63736025223906,None,None,None
71749,63736025223917,None,None,None
71749,63736025223928,None,None,None
71749,63736025223939,None,None,None
71783,63736025223950,None,None,None
71816,63736025223961,None,None,None
71816,63736025223972,None,None,None
71824,63736025223983,None,None,None
71841,63736025223994,None,None,None
71849,63736025224006,None,None,None
71849,63736025224017,None,None,None
71874,63736025224029,None,None,None
71883,63736025224039,None,None,None
71883,63736025224050,None,None,None
71891,63736025224062,None,None,None
71916,63736025224073,None,None,None
71916,63736025224084,None,None,None
71924,63736025224094,None,None,None
71949,63736025224106,None,None,None
71974,63736025224116,None,None,None
71974,63736025224127,None,None,None
71983,63736025224138,None,None,None
71991,63736025224149,None,None,None
71991,63736025224161,None,None,None
72016,63736025224172,None,None,None
72024,63736025224184,None,None,None
72024,63736025224195,None,None,None
72041,63736025224206,None,None,None
72074,63736025224217,None,None,None
72083,63736025224228,None,None,None
72083,63736025224239,None,None,None
72099,63736025224250,None,None,None
72108,63736025224261,None,None,None
72108,63736025224272,None,None,None
72124,63736025224283,None,None,None
72124,63736025224294,None,None,None
72124,63736025224305,None,None,None
72141,63736025224316,None,None,None
72183,63736025224327,None,None,None
72191,63736025224339,None,None,None
72191,63736025224350,None,None,None
72208,63736025224361,None,None,None
72216,63736025224372,None,None,None
72216,63736025224383,None,None,None
72233,63736025224394,None,None,None
72249,63736025224405,None,None,None
72249,63736025224416,None,None,None
72258,63736025224427,None,None,None
72291,63736025224439,None,None,None
72308,63736025224451,None,None,None
72308,63736025224461,None,None,None
72316,63736025224472,None,None,None
72341,63736025224483,None,None,None
72341,63736025224494,None,None,None
72349,63736025224505,None,None,None
72366,63736025224516,None,None,None
72366,63736025224528,None,None,None
72383,63736025224539,None,None,None
72383,63736025224550,None,None,None
72383,63736025224561,None,None,None
72408,63736025224572,None,None,None
72424,63736025224583,None,None,None
72424,63736025224595,None,None,None
72449,63736025224606,None,41_Liniennetzplan (2),None
72458,63736025224617,None,41_Liniennetzplan (2),None
72474,63736025224629,None,None,41_Liniennetzplan (2)
72474,63736025224639,None,None,41_Liniennetzplan (2)
72491,63736025224651,41_Liniennetzplan (2),None,None
72507,63736025224662,41_Liniennetzplan (2),None,41_Liniennetzplan (2)
72507,63736025224673,None,None,None
72524,63736025224686,41_Liniennetzplan (2),None,None
72541,63736025224696,None,None,None
72549,63736025224706,None,None,None
72549,63736025224718,None,None,None
72574,63736025224729,None,None,None
72582,63736025224740,None,None,None
72582,63736025224752,None,None,None
72616,63736025224772,None,None,None
72616,63736025224784,None,None,None
72649,63736025224807,None,None,None
72666,63736025224829,None,None,None
72691,63736025224843,None,None,None
72707,63736025224862,None,None,None
72741,63736025224886,None,None,None
72749,63736025224909,None,None,None
72782,63736025224931,None,None,None
72807,63736025224953,None,None,None
72816,63736025224976,None,None,None
72841,63736025224999,None,None,None
72866,63736025225021,None,None,None
72882,63736025225045,None,None,41_Liniennetzplan (1)
72907,63736025225066,None,6_DigitaleS-BahnAnzeige,None
72916,63736025225088,None,None,None
72966,63736025225112,None,None,None
72982,63736025225134,None,None,None
73016,63736025225156,None,Station Name,None
73032,63736025225178,None,None,None
73049,63736025225200,None,None,None
73082,63736025225221,None,None,None
73099,63736025225244,None,None,None
73124,63736025225266,None,None,None
73141,63736025225291,None,None,None
73149,63736025225310,None,None,None
73191,63736025225333,Station Name,None,None
73207,63736025225356,None,None,None
73232,63736025225379,None,None,None
73249,63736025225400,None,None,None
73257,63736025225423,None,None,None
73291,63736025225444,None,None,273|Mesh|C|GleisabschnittA.001
73307,63736025225467,None,None,273|Mesh|C|GleisabschnittA.001
73332,63736025225490,273|Mesh|C|GleisabschnittA.001,None,273|Mesh|C|GleisabschnittA.001
73349,63736025225512,273|Mesh|C|GleisabschnittA.001,None,None
73366,63736025225533,None,None,None
73399,63736025225557,None,None,None
73416,63736025225578,None,None,None
73449,63736025225602,None,None,None
73449,63736025225624,None,None,None
73474,63736025225645,None,None,273|Mesh|C|GleisabschnittA.001
73516,63736025225667,273|Mesh|C|GleisabschnittA.001,None,273|Mesh|C|GleisabschnittA.001
73516,63736025225690,273|Mesh|C|GleisabschnittA.001,None,None
73532,63736025225711,273|Mesh|C|GleisabschnittA.001,None,None
73549,63736025225735,None,None,None
73582,63736025225758,None,None,None
73624,63736025225777,None,None,None
73649,63736025225798,None,None,None
73674,63736025225819,Bahnsteigkante,Bahnsteigkante,Bahnsteigkante
73691,63736025225840,DunkleFliesen,HelleFliesen,HelleFliesen
73699,63736025225861,HelleFliesen,HelleFliesen,HelleFliesen
73732,63736025225875,HelleFliesen,HelleFliesen,HelleFliesen
73749,63736025225889,HelleFliesen,HelleFliesen,HelleFliesen
73757,63736025225900,HelleFliesen,HelleFliesen,HelleFliesen
73757,63736025225910,DunkleFliesen,DunkleFliesen,DunkleFliesen
73774,63736025225921,HelleFliesen,HelleFliesen,HelleFliesen
73791,63736025225932,HelleFliesen,HelleFliesen,HelleFliesen
73791,63736025225943,HelleFliesen,HelleFliesen,HelleFliesen
73799,63736025225954,HelleFliesen,HelleFliesen,HelleFliesen
73816,63736025225965,HelleFliesen,HelleFliesen,HelleFliesen
73816,63736025225976,HelleFliesen,HelleFliesen,HelleFliesen
73841,63736025225987,HelleFliesen,HelleFliesen,HelleFliesen
73849,63736025225998,HelleFliesen,HelleFliesen,HelleFliesen
73849,63736025226009,HelleFliesen,HelleFliesen,HelleFliesen
73874,63736025226020,HelleFliesen,HelleFliesen,HelleFliesen
73874,63736025226032,HelleFliesen,HelleFliesen,HelleFliesen
73874,63736025226042,HelleFliesen,HelleFliesen,HelleFliesen
73891,63736025226053,HelleFliesen,HelleFliesen,HelleFliesen
73916,63736025226065,HelleFliesen,HelleFliesen,HelleFliesen
73924,63736025226076,HelleFliesen,HelleFliesen,HelleFliesen
73924,63736025226087,HelleFliesen,HelleFliesen,HelleFliesen
73924,63736025226098,HelleFliesen,HelleFliesen,HelleFliesen
73949,63736025226109,HelleFliesen,HelleFliesen,HelleFliesen
73949,63736025226120,HelleFliesen,HelleFliesen,HelleFliesen
73982,63736025226131,HelleFliesen,HelleFliesen,HelleFliesen
73991,63736025226142,HelleFliesen,HelleFliesen,HelleFliesen
73991,63736025226153,HelleFliesen,HelleFliesen,HelleFliesen
74007,63736025226164,HelleFliesen,HelleFliesen,HelleFliesen
74015,63736025226175,HelleFliesen,HelleFliesen,HelleFliesen
74032,63736025226187,HelleFliesen,HelleFliesen,HelleFliesen
74032,63736025226198,HelleFliesen,HelleFliesen,HelleFliesen
74032,63736025226208,HelleFliesen,HelleFliesen,HelleFliesen
74057,63736025226220,HelleFliesen,HelleFliesen,HelleFliesen
74057,63736025226231,HelleFliesen,HelleFliesen,HelleFliesen
74057,63736025226242,HelleFliesen,HelleFliesen,HelleFliesen
74090,63736025226253,HelleFliesen,HelleFliesen,HelleFliesen
74090,63736025226265,HelleFliesen,HelleFliesen,HelleFliesen
74107,63736025226275,HelleFliesen,HelleFliesen,HelleFliesen
74132,63736025226287,HelleFliesen,HelleFliesen,HelleFliesen
74149,63736025226298,HelleFliesen,HelleFliesen,HelleFliesen
74149,63736025226309,HelleFliesen,HelleFliesen,HelleFliesen
74157,63736025226320,HelleFliesen,HelleFliesen,HelleFliesen
74174,63736025226332,HelleFliesen,HelleFliesen,HelleFliesen
74174,63736025226343,HelleFliesen,HelleFliesen,HelleFliesen
74174,63736025226354,HelleFliesen,HelleFliesen,HelleFliesen
74199,63736025226366,HelleFliesen,HelleFliesen,HelleFliesen
74224,63736025226378,HelleFliesen,HelleFliesen,HelleFliesen
74224,63736025226389,HelleFliesen,HelleFliesen,HelleFliesen
74240,63736025226400,HelleFliesen,HelleFliesen,HelleFliesen
74249,63736025226412,HelleFliesen,HelleFliesen,HelleFliesen
74282,63736025226424,HelleFliesen,HelleFliesen,HelleFliesen
74282,63736025226435,HelleFliesen,HelleFliesen,HelleFliesen
74290,63736025226446,HelleFliesen,HelleFliesen,HelleFliesen
74307,63736025226458,HelleFliesen,HelleFliesen,HelleFliesen
74307,63736025226469,HelleFliesen,HelleFliesen,HelleFliesen
74324,63736025226481,HelleFliesen,HelleFliesen,HelleFliesen
74340,63736025226492,HelleFliesen,HelleFliesen,HelleFliesen
74349,63736025226503,HelleFliesen,HelleFliesen,HelleFliesen
74349,63736025226515,HelleFliesen,HelleFliesen,HelleFliesen
74365,63736025226526,HelleFliesen,HelleFliesen,HelleFliesen
74365,63736025226538,HelleFliesen,HelleFliesen,HelleFliesen
74365,63736025226549,HelleFliesen,HelleFliesen,HelleFliesen
74390,63736025226559,HelleFliesen,HelleFliesen,HelleFliesen
74424,63736025226571,HelleFliesen,HelleFliesen,HelleFliesen
74440,63736025226582,None,None,None
74440,63736025226593,HelleFliesen,HelleFliesen,HelleFliesen
74449,63736025226604,HelleFliesen,HelleFliesen,HelleFliesen
74457,63736025226615,HelleFliesen,HelleFliesen,HelleFliesen
74457,63736025226626,HelleFliesen,HelleFliesen,HelleFliesen
74474,63736025226637,HelleFliesen,HelleFliesen,HelleFliesen
74474,63736025226649,HelleFliesen,HelleFliesen,HelleFliesen
74474,63736025226660,HelleFliesen,HelleFliesen,HelleFliesen
74507,63736025226671,HelleFliesen,HelleFliesen,HelleFliesen
74524,63736025226682,HelleFliesen,HelleFliesen,HelleFliesen
74549,63736025226694,HelleFliesen,HelleFliesen,HelleFliesen
74549,63736025226705,HelleFliesen,HelleFliesen,HelleFliesen
74557,63736025226716,HelleFliesen,HelleFliesen,HelleFliesen
74557,63736025226729,HelleFliesen,HelleFliesen,HelleFliesen
74557,63736025226738,HelleFliesen,HelleFliesen,HelleFliesen
74582,63736025226750,HelleFliesen,HelleFliesen,HelleFliesen
74607,63736025226760,HelleFliesen,HelleFliesen,HelleFliesen
74624,63736025226772,HelleFliesen,HelleFliesen,HelleFliesen
74624,63736025226782,HelleFliesen,HelleFliesen,HelleFliesen
74640,63736025226794,HelleFliesen,HelleFliesen,HelleFliesen
74640,63736025226805,HelleFliesen,HelleFliesen,HelleFliesen
74640,63736025226816,HelleFliesen,HelleFliesen,HelleFliesen
74657,63736025226827,HelleFliesen,HelleFliesen,HelleFliesen
74690,63736025226839,HelleFliesen,HelleFliesen,HelleFliesen
74690,63736025226850,HelleFliesen,HelleFliesen,HelleFliesen
74707,63736025226860,HelleFliesen,HelleFliesen,HelleFliesen
74715,63736025226872,HelleFliesen,HelleFliesen,HelleFliesen
74715,63736025226883,HelleFliesen,HelleFliesen,HelleFliesen
74740,63736025226894,HelleFliesen,HelleFliesen,HelleFliesen
74749,63736025226905,HelleFliesen,HelleFliesen,HelleFliesen
74774,63736025226916,HelleFliesen,HelleFliesen,HelleFliesen
74774,63736025226927,HelleFliesen,HelleFliesen,HelleFliesen
74782,63736025226938,HelleFliesen,HelleFliesen,HelleFliesen
74790,63736025226949,HelleFliesen,HelleFliesen,HelleFliesen
74790,63736025226960,HelleFliesen,HelleFliesen,HelleFliesen
74807,63736025226971,HelleFliesen,HelleFliesen,HelleFliesen
74824,63736025226982,HelleFliesen,HelleFliesen,HelleFliesen
74824,63736025226993,HelleFliesen,HelleFliesen,HelleFliesen
74840,63736025227005,HelleFliesen,HelleFliesen,HelleFliesen
74857,63736025227016,HelleFliesen,HelleFliesen,HelleFliesen
74874,63736025227027,HelleFliesen,HelleFliesen,HelleFliesen
74874,63736025227038,HelleFliesen,HelleFliesen,HelleFliesen
74890,63736025227055,HelleFliesen,HelleFliesen,HelleFliesen
74890,63736025227060,HelleFliesen,HelleFliesen,HelleFliesen
74890,63736025227068,HelleFliesen,HelleFliesen,HelleFliesen
74915,63736025227077,HelleFliesen,HelleFliesen,HelleFliesen
74915,63736025227089,HelleFliesen,HelleFliesen,HelleFliesen
74940,63736025227100,HelleFliesen,HelleFliesen,HelleFliesen
74949,63736025227111,HelleFliesen,HelleFliesen,HelleFliesen
74949,63736025227122,HelleFliesen,HelleFliesen,HelleFliesen
74982,63736025227133,HelleFliesen,HelleFliesen,HelleFliesen
74990,63736025227144,HelleFliesen,HelleFliesen,HelleFliesen
75007,63736025227156,HelleFliesen,HelleFliesen,HelleFliesen
75007,63736025227167,HelleFliesen,HelleFliesen,HelleFliesen
75015,63736025227178,HelleFliesen,HelleFliesen,HelleFliesen
75040,63736025227189,HelleFliesen,HelleFliesen,HelleFliesen
75040,63736025227200,HelleFliesen,HelleFliesen,HelleFliesen
75057,63736025227212,HelleFliesen,HelleFliesen,HelleFliesen
75074,63736025227223,HelleFliesen,HelleFliesen,HelleFliesen
75074,63736025227234,HelleFliesen,HelleFliesen,HelleFliesen
75090,63736025227245,HelleFliesen,HelleFliesen,HelleFliesen
75107,63736025227257,HelleFliesen,HelleFliesen,HelleFliesen
75115,63736025227268,HelleFliesen,HelleFliesen,HelleFliesen
75115,63736025227279,HelleFliesen,HelleFliesen,HelleFliesen
75140,63736025227290,HelleFliesen,HelleFliesen,HelleFliesen
75149,63736025227301,HelleFliesen,HelleFliesen,HelleFliesen
75149,63736025227312,HelleFliesen,HelleFliesen,HelleFliesen
75157,63736025227323,HelleFliesen,HelleFliesen,HelleFliesen
75174,63736025227334,None,DunkleFliesen,None
75174,63736025227345,DunkleFliesen,DunkleFliesen,DunkleFliesen
75190,63736025227356,None,None,None
75207,63736025227368,None,Bahnsteigkante,None
75207,63736025227378,None,Bahnsteigkante,None
75215,63736025227390,None,Bahnsteigkante,None
75240,63736025227401,None,None,None
75265,63736025227413,Bahnsteigkante,Bahnsteigkante,Bahnsteigkante
75265,63736025227423,Bahnsteigkante,Bahnsteigkante,Bahnsteigkante
75282,63736025227435,Bahnsteigkante,Bahnsteigkante,Bahnsteigkante
75290,63736025227446,Bahnsteigkante,Bahnsteigkante,Bahnsteigkante
75290,63736025227457,None,Bahnsteigkante,None
75290,63736025227469,None,Bahnsteigkante,None
75315,63736025227480,Bahnsteigkante,Bahnsteigkante,Bahnsteigkante
75332,63736025227492,Bahnsteigkante,DunkleFliesen,Bahnsteigkante
75332,63736025227503,Bahnsteigkante,DunkleFliesen,Bahnsteigkante
75357,63736025227513,Bahnsteigkante,DunkleFliesen,Bahnsteigkante
75374,63736025227525,Blindenwege,DunkleFliesen,Blindenwege
75382,63736025227536,Blindenwege,DunkleFliesen,Blindenwege
75382,63736025227548,Blindenwege,DunkleFliesen,Blindenwege
75399,63736025227558,Blindenwege,Blindenwege,Blindenwege
75399,63736025227570,Blindenwege,Blindenwege,Blindenwege
75399,63736025227581,Blindenwege,Blindenwege,Blindenwege
75424,63736025227593,DunkleFliesen,Blindenwege,DunkleFliesen
75449,63736025227604,DunkleFliesen,None,DunkleFliesen
75449,63736025227615,DunkleFliesen,Bahnsteigkante,Bahnsteigkante
75465,63736025227626,None,None,None
75482,63736025227637,None,None,None
75490,63736025227648,None,None,None
75490,63736025227659,None,None,None
75507,63736025227670,None,None,None
75507,63736025227682,None,None,None
75507,63736025227692,None,None,None
75540,63736025227704,None,None,None
75557,63736025227715,None,None,None
75557,63736025227726,None,None,None
75573,63736025227737,None,None,None
75598,63736025227748,None,None,None
75607,63736025227760,None,Bahnsteigkante,None
75607,63736025227770,None,None,None
75615,63736025227781,None,None,None
75632,63736025227792,None,None,None
75632,63736025227803,None,None,None
75648,63736025227814,None,None,None
75673,63736025227825,None,None,None
75673,63736025227836,None,None,None
75690,63736025227847,None,None,None
75715,63736025227858,None,None,None
75715,63736025227869,None,None,None
75723,63736025227881,None,None,None
75732,63736025227892,None,None,None
75757,63736025227903,None,None,None
75757,63736025227914,None,None,None
75773,63736025227925,None,None,None
75782,63736025227937,None,None,None
75782,63736025227948,None,None,None
75790,63736025227959,None,None,None
75815,63736025227970,None,None,None
75815,63736025227981,None,None,None
75823,63736025227992,None,None,None
75840,63736025228003,None,None,None
75865,63736025228015,None,None,None
75865,63736025228026,None,None,None
75890,63736025228037,None,None,None
75907,63736025228049,None,None,None
75907,63736025228059,None,None,None
75923,63736025228071,None,None,None
75948,63736025228082,None,None,None
75948,63736025228094,None,Cube,Cube
75957,63736025228107,None,Cube,Cube
75982,63736025228116,Cube,LM|StoreBanderole,LM|StoreBanderole
75990,63736025228127,Cube,235_Mesh_B_DBServicestore (1),235_Mesh_B_DBServicestore (1)
75990,63736025228138,None,235_Mesh_B_DBServicestore (1),235_Mesh_B_DBServicestore (1)
76007,63736025228149,Cube,235_Mesh_B_DBServicestore (1),235_Mesh_B_DBServicestore (1)
76023,63736025228160,Cube,Cube,Cube
76023,63736025228172,Cube,LM|StoreBanderole,LM|StoreBanderole
76040,63736025228182,Cube,Cube,Cube
76057,63736025228193,Cube,Cube,Cube
76057,63736025228202,Cube,Cube,Cube
76065,63736025228214,Cube,Cube,Cube
76082,63736025228225,None,Cube,Cube
76090,63736025228237,None,Cube,Cube
76090,63736025228248,None,Cube,Cube
76107,63736025228260,Cube,Cube,Cube
76107,63736025228271,Cube,Cube,Cube
76107,63736025228282,Cube,Cube,Cube
76123,63736025228293,Cube,Cube,Cube
76140,63736025228305,Cube,Cube,Cube
76173,63736025228315,None,Cube,Cube
76173,63736025228327,Cube,Cube,Cube
76182,63736025228337,Cube,Cube,Cube
76190,63736025228348,LM|StoreBanderole,235_Mesh_B_DBServicestore (1),235_Mesh_B_DBServicestore (1)
76190,63736025228360,LM|StoreBanderole,235_Mesh_B_DBServicestore (1),235_Mesh_B_DBServicestore (1)
76215,63736025228371,LM|StoreBanderole,235_Mesh_B_DBServicestore (1),235_Mesh_B_DBServicestore (1)
76215,63736025228382,LM|StoreBanderole,235_Mesh_B_DBServicestore (1),235_Mesh_B_DBServicestore (1)
76215,63736025228392,LM|StoreBanderole,235_Mesh_B_DBServicestore (1),235_Mesh_B_DBServicestore (1)
76240,63736025228403,235_Mesh_B_DBServicestore (1),235_Mesh_B_DBServicestore (1),235_Mesh_B_DBServicestore (1)
76248,63736025228414,235_Mesh_B_DBServicestore (1),235_Mesh_B_DBServicestore (1),235_Mesh_B_DBServicestore (1)
76248,63736025228423,235_Mesh_B_DBServicestore (1),235_Mesh_B_DBServicestore (1),235_Mesh_B_DBServicestore (1)
76248,63736025228435,235_Mesh_B_DBServicestore (1),235_Mesh_B_DBServicestore (1),235_Mesh_B_DBServicestore (1)
76282,63736025228447,235_Mesh_B_DBServicestore (1),235_Mesh_B_DBServicestore (1),235_Mesh_B_DBServicestore (1)
76315,63736025228458,LM|StoreBanderole,Cube,Cube
76315,63736025228468,235_Mesh_B_DBServicestore (1),Cube,235_Mesh_B_DBServicestore (1)
76323,63736025228479,LM|StoreBanderole,235_Mesh_B_DBServicestore (1),235_Mesh_B_DBServicestore (1)
76348,63736025228491,LM|StoreBanderole,235_Mesh_B_DBServicestore (1),LM|StoreBanderole
76348,63736025228503,LM|StoreBanderole,235_Mesh_B_DBServicestore (1),235_Mesh_B_DBServicestore (1)
76357,63736025228514,LM|StoreBanderole,235_Mesh_B_DBServicestore (1),235_Mesh_B_DBServicestore (1)
76382,63736025228524,LM|StoreBanderole,235_Mesh_B_DBServicestore (1),235_Mesh_B_DBServicestore (1)
76382,63736025228535,LM|StoreBanderole,235_Mesh_B_DBServicestore (1),235_Mesh_B_DBServicestore (1)
76390,63736025228547,LM|StoreBanderole,235_Mesh_B_DBServicestore (1),235_Mesh_B_DBServicestore (1)
76407,63736025228559,Cube,235_Mesh_B_DBServicestore (1),Cube
76423,63736025228570,Cube,Ende,Cube
76423,63736025228581,Cube,Ende,Cube
76432,63736025228593,Cube,Cube,Cube
76448,63736025228605,Cube,Ende,Cube
76457,63736025228624,Cube,Cube,Cube
76482,63736025228637,Cube,Ende,Cube
76482,63736025228647,Cube,Ende,Cube
76490,63736025228658,Cube,Cube,Cube
76507,63736025228670,Cube,Cube,Cube
76540,63736025228680,Cube,Ende,Cube
76540,63736025228691,Cube,Ende,Cube
76548,63736025228702,Cube,Cube,Cube
76557,63736025228714,Cube,Cube,Cube
76557,63736025228725,Cube,Cube,Cube
76582,63736025228736,Cube,Cube,Cube
76590,63736025228747,Cube,Cube,Cube
76607,63736025228769,Cube,Cube,Cube
76632,63736025228780,Cube,Cube,Cube
76632,63736025228791,None,None,None
76648,63736025228802,Cube,Cube,Cube
76657,63736025228814,Cube,Cube,Cube
76682,63736025228825,Cube,Cube,Cube
76682,63736025228836,Cube,Cube,Cube
76690,63736025228847,Cube,Cube,Cube
76715,63736025228857,Cube,Cube,Cube
76715,63736025228868,Cube,Cube,Cube
76723,63736025228879,Cube,Cube,Cube
76732,63736025228891,Cube,Cube,Cube
76732,63736025228902,Cube,Cube,Cube
76732,63736025228912,Cube,Cube,Cube
76757,63736025228923,Cube,Cube,Cube
76790,63736025228935,Cube,Cube,Cube
76790,63736025228945,Cube,Cube,Cube
76798,63736025228957,Cube,Cube,Cube
76823,63736025228969,Cube,Cube,6_DigitaleS-BahnAnzeige
76823,63736025228981,6_DigitaleS-BahnAnzeige,Cube,6_DigitaleS-BahnAnzeige
76848,63736025229002,Cube,6_DigitaleS-BahnAnzeige,6_DigitaleS-BahnAnzeige
76848,63736025229013,Cube,Cube,Cube
76857,63736025229024,Cube,6_DigitaleS-BahnAnzeige,Cube
76890,63736025229035,Cube,Cube,Cube
76898,63736025229047,Cube,Cube,Cube
76898,63736025229057,Cube,Cube,Cube
76915,63736025229068,Cube,Cube,Cube
76915,63736025229079,Cube,Cube,Cube
76915,63736025229091,Cube,Cube,Cube
76940,63736025229102,Cube,Cube,Cube
76965,63736025229113,Cube,Cube,Cube
76965,63736025229124,Cube,Cube,Cube
76982,63736025229136,Cube,Cube,Cube
76990,63736025229147,Cube,Cube,Cube
77015,63736025229159,Cube,6_DigitaleS-BahnAnzeige,6_DigitaleS-BahnAnzeige
77015,63736025229172,Cube,6_DigitaleS-BahnAnzeige,Cube
77023,63736025229183,Cube,Cube,Cube
77040,63736025229204,Cube,6_DigitaleS-BahnAnzeige,6_DigitaleS-BahnAnzeige
77057,63736025229215,6_DigitaleS-BahnAnzeige,6_DigitaleS-BahnAnzeige,6_DigitaleS-BahnAnzeige
77073,63736025229226,Cube,6_DigitaleS-BahnAnzeige,6_DigitaleS-BahnAnzeige
77090,63736025229237,Cube,6_DigitaleS-BahnAnzeige,6_DigitaleS-BahnAnzeige
77090,63736025229249,Cube,6_DigitaleS-BahnAnzeige,6_DigitaleS-BahnAnzeige
77106,63736025229261,6_DigitaleS-BahnAnzeige,Cube,Cube
77115,63736025229281,6_DigitaleS-BahnAnzeige,Cube,6_DigitaleS-BahnAnzeige
77123,63736025229292,6_DigitaleS-BahnAnzeige,Cube,6_DigitaleS-BahnAnzeige
77148,63736025229304,6_DigitaleS-BahnAnzeige,Cube,Cube
77148,63736025229315,6_DigitaleS-BahnAnzeige,Cube,Cube
77165,63736025229326,Cube,Cube,Cube
77181,63736025229339,6_DigitaleS-BahnAnzeige,Cube,Cube
77190,63736025229349,Cube,Cube,Cube
77215,63736025229369,Cube,Cube,Cube
77223,63736025229380,Cube,Cube,Cube
77223,63736025229391,Cube,Cube,Cube
77248,63736025229402,Cube,Cube,Cube
77265,63736025229413,273|Mesh|C|GleisabschnittA.001,Cube,Cube
77265,63736025229424,273|Mesh|C|GleisabschnittA.001,Cube,Cube
77281,63736025229436,273|Mesh|C|GleisabschnittA.001,Cube,Cube
77290,63736025229447,273|Mesh|C|GleisabschnittA.001,Cube,Cube
77290,63736025229457,273|Mesh|C|GleisabschnittA.001,Cube,Cube
77315,63736025229469,273|Mesh|C|GleisabschnittA.001,Cube,Cube
77323,63736025229480,273|Mesh|C|GleisabschnittA.001,Cube,Cube
77348,63736025229491,273|Mesh|C|GleisabschnittA.001,Cube,Cube
77348,63736025229502,273|Mesh|C|GleisabschnittA.001,Cube,Cube
77356,63736025229514,273|Mesh|C|GleisabschnittA.001,Cube,Cube
77373,63736025229535,273|Mesh|C|GleisabschnittA.001,Cube,Cube
77381,63736025229547,273|Mesh|C|GleisabschnittA.001,Cube,Cube
77415,63736025229560,Cube,Cube,Cube
77423,63736025229579,Cube,Cube,Cube
77431,63736025229591,Cube,Cube,Cube
77456,63736025229602,273|Mesh|C|GleisabschnittA.001,Cube,Cube
77456,63736025229613,273|Mesh|C|GleisabschnittA.001,Cube,Cube
77473,63736025229625,273|Mesh|C|GleisabschnittA.001,Cube,Cube
77481,63736025229636,273|Mesh|C|GleisabschnittA.001,Cube,Cube
77481,63736025229648,Cube,Cube,Cube
77498,63736025229659,Cube,Cube,Cube
77523,63736025229670,Cube,Cube,Cube
77523,63736025229681,Cube,Cube,Cube
77531,63736025229692,Cube,Cube,Cube
77556,63736025229713,Cube,Cube,Cube
77565,63736025229724,Cube,Cube,Cube
77581,63736025229735,Cube,Cube,Cube
77590,63736025229747,Cube,Cube,Cube
77590,63736025229757,Cube,Cube,Cube
77606,63736025229768,Cube,Cube,Cube
77631,63736025229779,Cube,Cube,Cube
77631,63736025229791,Cube,Cube,Cube
77648,63736025229802,Cube,Cube,Cube
77665,63736025229813,Cube,Cube,Cube
77665,63736025229824,Cube,Cube,Cube
77681,63736025229834,Cube,Cube,Cube
77690,63736025229846,Cube,Cube,Cube
77690,63736025229857,Cube,Cube,Cube
77690,63736025229867,None,Cube,None
77715,63736025229879,Cube,Cube,Cube
77740,63736025229890,Cube,Cube,Cube
77740,63736025229900,None,None,None
77756,63736025229912,None,None,None
77781,63736025229925,Cube,Cube,Cube
77790,63736025229938,None,Cube,Cube
77790,63736025229949,None,Cube,Cube
77798,63736025229968,None,None,None
77823,63736025229977,None,Cube,Cube
77831,63736025229989,41_Liniennetzplan (3),None,None
77831,63736025230000,None,None,None
77856,63736025230011,None,None,None
77873,63736025230021,None,None,None
77881,63736025230033,None,None,None
77881,63736025230044,None,None,None
77906,63736025230054,None,None,None
77915,63736025230065,None,Bahnsteigkante,None
77915,63736025230076,None,Bahnsteigkante,Bahnsteigkante
77931,63736025230087,Bahnsteigkante,Bahnsteigkante,Bahnsteigkante
77948,63736025230098,Bahnsteigkante,Bahnsteigkante,Bahnsteigkante
77948,63736025230109,Bahnsteigkante,Bahnsteigkante,Bahnsteigkante
77973,63736025230119,Bahnsteigkante,Blindenwege,DunkleFliesen
77981,63736025230130,DunkleFliesen,Blindenwege,DunkleFliesen
77981,63736025230141,DunkleFliesen,Blindenwege,DunkleFliesen
78006,63736025230151,Bahnsteigkante,Bahnsteigkante,Bahnsteigkante
78023,63736025230162,Bahnsteigkante,Bahnsteigkante,Bahnsteigkante
78023,63736025230174,Bahnsteigkante,Bahnsteigkante,Bahnsteigkante
78048,63736025230184,None,Bahnsteigkante,Bahnsteigkante
78056,63736025230195,None,Bahnsteigkante,Bahnsteigkante
78073,63736025230207,Bahnsteigkante,Bahnsteigkante,Bahnsteigkante
78073,63736025230218,Bahnsteigkante,Bahnsteigkante,Bahnsteigkante
78090,63736025230229,None,None,None
78106,63736025230240,None,None,None
78106,63736025230251,None,None,None
78123,63736025230262,DunkleFliesen,HelleFliesen,HelleFliesen
78131,63736025230274,DunkleFliesen,HelleFliesen,HelleFliesen
78131,63736025230284,None,DunkleFliesen,DunkleFliesen
78156,63736025230296,HelleFliesen,HelleFliesen,HelleFliesen
78165,63736025230307,HelleFliesen,HelleFliesen,HelleFliesen
78165,63736025230317,HelleFliesen,HelleFliesen,HelleFliesen
78190,63736025230328,HelleFliesen,HelleFliesen,HelleFliesen
78198,63736025230341,HelleFliesen,HelleFliesen,HelleFliesen
78215,63736025230351,HelleFliesen,HelleFliesen,HelleFliesen
78215,63736025230363,HelleFliesen,HelleFliesen,HelleFliesen
78231,63736025230374,HelleFliesen,HelleFliesen,HelleFliesen
78248,63736025230386,HelleFliesen,HelleFliesen,HelleFliesen
78248,63736025230397,HelleFliesen,HelleFliesen,HelleFliesen
78265,63736025230409,HelleFliesen,HelleFliesen,HelleFliesen
78273,63736025230420,HelleFliesen,HelleFliesen,HelleFliesen
78281,63736025230432,HelleFliesen,HelleFliesen,HelleFliesen
78281,63736025230444,HelleFliesen,HelleFliesen,HelleFliesen
78290,63736025230455,HelleFliesen,HelleFliesen,HelleFliesen
78315,63736025230467,HelleFliesen,HelleFliesen,HelleFliesen
78340,63736025230478,HelleFliesen,HelleFliesen,HelleFliesen
78340,63736025230490,HelleFliesen,HelleFliesen,HelleFliesen
78348,63736025230501,HelleFliesen,HelleFliesen,HelleFliesen
78365,63736025230513,HelleFliesen,HelleFliesen,HelleFliesen
78365,63736025230524,HelleFliesen,HelleFliesen,HelleFliesen
78381,63736025230536,HelleFliesen,HelleFliesen,HelleFliesen
78390,63736025230548,HelleFliesen,HelleFliesen,HelleFliesen
78406,63736025230558,HelleFliesen,HelleFliesen,HelleFliesen
78406,63736025230570,HelleFliesen,HelleFliesen,HelleFliesen
78423,63736025230582,HelleFliesen,HelleFliesen,HelleFliesen
78448,63736025230593,HelleFliesen,HelleFliesen,HelleFliesen
78448,63736025230606,HelleFliesen,HelleFliesen,HelleFliesen
78456,63736025230616,HelleFliesen,HelleFliesen,HelleFliesen
78481,63736025230627,HelleFliesen,HelleFliesen,HelleFliesen
78481,63736025230637,HelleFliesen,HelleFliesen,HelleFliesen
78490,63736025230649,HelleFliesen,HelleFliesen,HelleFliesen
78506,63736025230660,HelleFliesen,HelleFliesen,HelleFliesen
78515,63736025230671,HelleFliesen,HelleFliesen,HelleFliesen
78515,63736025230681,DunkleFliesen,DunkleFliesen,DunkleFliesen
78523,63736025230692,DunkleFliesen,Blindenwege,DunkleFliesen
78548,63736025230703,DunkleFliesen,DunkleFliesen,DunkleFliesen
78548,63736025230713,DunkleFliesen,DunkleFliesen,DunkleFliesen
78573,63736025230725,DunkleFliesen,DunkleFliesen,DunkleFliesen
78573,63736025230735,DunkleFliesen,DunkleFliesen,DunkleFliesen
78573,63736025230747,DunkleFliesen,DunkleFliesen,DunkleFliesen
78590,63736025230760,DunkleFliesen,DunkleFliesen,DunkleFliesen
78639,63736025230780,None,None,None
78639,63736025230793,None,None,None
78648,63736025230814,Bahnsteigkante,DunkleFliesen,Bahnsteigkante
78648,63736025230826,Bahnsteigkante,DunkleFliesen,Bahnsteigkante
78656,63736025230846,Bahnsteigkante,DunkleFliesen,DunkleFliesen
78656,63736025230858,DunkleFliesen,DunkleFliesen,DunkleFliesen
78731,63736025230880,DunkleFliesen,DunkleFliesen,DunkleFliesen
78748,63736025230893,Bahnsteigkante,DunkleFliesen,Bahnsteigkante
78756,63736025230915,Bahnsteigkante,Blindenwege,Bahnsteigkante
78781,63736025230930,Bahnsteigkante,DunkleFliesen,Bahnsteigkante
78798,63736025230949,DunkleFliesen,Blindenwege,DunkleFliesen
78814,63736025230974,Bahnsteigkante,Blindenwege,DunkleFliesen
78823,63736025230995,DunkleFliesen,DunkleFliesen,DunkleFliesen
78864,63736025231019,Blindenwege,Bahnsteigkante,DunkleFliesen
78889,63736025231042,HelleFliesen,HelleFliesen,HelleFliesen
78898,63736025231063,HelleFliesen,HelleFliesen,HelleFliesen
78931,63736025231086,HelleFliesen,HelleFliesen,HelleFliesen
78931,63736025231107,5_Bank (24),HelleFliesen,5_Bank (27)
78931,63736025231131,5_Bank (24),HelleFliesen,5_Bank (27)
78956,63736025231153,5_Bank (27),5_Bank (27),5_Bank (27)
79006,63736025231175,HelleFliesen,HelleFliesen,HelleFliesen
79048,63736025231197,HelleFliesen,HelleFliesen,HelleFliesen
79073,63736025231221,HelleFliesen,33_VitrinenAnWand,Blindenwege
79098,63736025231244,LM-Fahrstuhl-Scheiben,Cube (1),LM-Fahrstuhl-Scheiben
79114,63736025231264,Cube (1),LM_Mesh_B_RMVServicestore,Cube (1)
79131,63736025231287,33_VitrinenAnWand,LM_Mesh_B_RMVServicestore,15_Werbetafel 1 (4)
79148,63736025231310,None,LM_Mesh_B_RMVServicestore,None
79181,63736025231331,1_Fahrstuhl,Cube (1),LM-Fahrstuhl-Scheiben
79189,63736025231353,15_Werbetafel 1 (2),Cube (1),Cube (1)
79189,63736025231375,Cube (1),LM_WerbungGroß,Cube (1)
79198,63736025231398,LM-Fahrstuhl-Scheiben,None,LM_Werbetafel_Display
79223,63736025231421,5_Bank (10),9_Abfallbehälter (4),5_Bank (10)
79273,63736025231445,5_Bank (37),33_VitrinenAnWand,HelleFliesen
79323,63736025231465,LM-Fahrstuhl-Scheiben,1_Fahrstuhl,LM-Fahrstuhl-Scheiben
79331,63736025231488,LM|StoreBanderole,1_Fahrstuhl,Cube (1)
79348,63736025231508,None,1_Fahrstuhl,Cube (1)
79364,63736025231531,LM-Fahrstuhl-Scheiben,1_Fahrstuhl,LM|StoreBanderole
79364,63736025231553,LM|StoreBanderole,1_Fahrstuhl,1_Fahrstuhl
79364,63736025231577,Cube (1),LM-Fahrstuhl-Scheiben,Cube (1)
79364,63736025231599,None,9_Abfallbehälter (18),None
79364,63736025231620,None,PlaneSafety 1 (1),33_VitrinenAnWand
79373,63736025231642,HelleFliesen,HelleFliesen,HelleFliesen
79373,63736025231665,HelleFliesen,HelleFliesen,HelleFliesen
79498,63736025231686,HelleFliesen,HelleFliesen,HelleFliesen
79556,63736025231712,HelleFliesen,DunkleFliesen,HelleFliesen
79573,63736025231733,HelleFliesen,HelleFliesen,HelleFliesen
79606,63736025231757,HelleFliesen,HelleFliesen,DunkleFliesen
79606,63736025231780,HelleFliesen,HelleFliesen,HelleFliesen
79639,63736025231803,HelleFliesen,HelleFliesen,DunkleFliesen
79673,63736025231826,HelleFliesen,DunkleFliesen,HelleFliesen
79689,63736025231847,HelleFliesen,HelleFliesen,HelleFliesen
79706,63736025231871,HelleFliesen,HelleFliesen,HelleFliesen
79739,63736025231894,HelleFliesen,HelleFliesen,HelleFliesen
79756,63736025231916,HelleFliesen,HelleFliesen,DunkleFliesen
79773,63736025231940,HelleFliesen,DunkleFliesen,HelleFliesen
79814,63736025231963,DunkleFliesen,HelleFliesen,HelleFliesen
79831,63736025231985,DunkleFliesen,DunkleFliesen,DunkleFliesen
79864,63736025232009,Cube (1),Cube (1),Cube (1)
79881,63736025232033,Cube (1),Cube (1),Cube (1)
79889,63736025232055,Cube (1),Cube (1),Cube (1)
79914,63736025232076,Cube (1),Cube (1),Cube (1)
79931,63736025232099,Cube (1),Cube (1),Cube (1)
79956,63736025232121,Cube (1),DunkleFliesen,Cube (1)
79989,63736025232143,Cube (1),Cube (1),Cube (1)
80014,63736025232165,Cube (1),Cube (1),273|Mesh|C|GleisabschnittA.001
80048,63736025232188,Cube (1),Cube (1),Cube (1)
80064,63736025232212,Cube (1),Cube (1),Cube (1)
80098,63736025232233,Cube (1),Cube (1),Cube (1)
80114,63736025232255,273|Mesh|C|GleisabschnittA.001,Cube (1),273|Mesh|C|GleisabschnittA.001
80147,63736025232277,Cube (1),1_Fahrstuhl,Cube (1)
80156,63736025232299,Cube (1),Cube (1),Cube (1)
80172,63736025232322,Cube (1),6_DigitaleS-BahnAnzeige,Cube (1)
80206,63736025232345,Cube (1),6_DigitaleS-BahnAnzeige,Cube (1)
80222,63736025232367,Cube (1),6_DigitaleS-BahnAnzeige,Cube (1)
80247,63736025232389,6_DigitaleS-BahnAnzeige,Cube (1),Cube (1)
80256,63736025232411,6_DigitaleS-BahnAnzeige,Cube (1),Cube (1)
80281,63736025232432,6_DigitaleS-BahnAnzeige,6_DigitaleS-BahnAnzeige,6_DigitaleS-BahnAnzeige
80306,63736025232455,6_DigitaleS-BahnAnzeige,6_DigitaleS-BahnAnzeige,6_DigitaleS-BahnAnzeige
80314,63736025232479,Cube (1),6_DigitaleS-BahnAnzeige,Cube (1)
80347,63736025232501,Cube (1),6_DigitaleS-BahnAnzeige,Cube (1)
80356,63736025232524,Cube (1),6_DigitaleS-BahnAnzeige,Cube (1)
80397,63736025232548,6_DigitaleS-BahnAnzeige,6_DigitaleS-BahnAnzeige,6_DigitaleS-BahnAnzeige
80431,63736025232589,Cube (1),6_DigitaleS-BahnAnzeige,6_DigitaleS-BahnAnzeige
80456,63736025232610,Cube (1),Cube (1),Cube (1)
80481,63736025232631,Cube (1),Cube (1),6_DigitaleS-BahnAnzeige
80489,63736025232655,6_DigitaleS-BahnAnzeige,6_DigitaleS-BahnAnzeige,Cube (1)
80522,63736025232677,Cube (1),Cube (1),Cube (1)
80547,63736025232699,Cube (1),Cube (1),Cube (1)
80572,63736025232720,Cube (1),Cube (1),Cube (1)
80589,63736025232743,Cube (1),Cube (1),Cube (1)
80606,63736025232766,Cube (1),Cube (1),Cube (1)
80639,63736025232787,Cube (1),Cube (1),Cube (1)
80656,63736025232811,6_DigitaleS-BahnAnzeige,Cube (1),Cube (1)
80697,63736025232834,Cube (1),Cube (1),6_DigitaleS-BahnAnzeige
80706,63736025232856,Cube (1),Cube (1),Cube (1)
80731,63736025232876,Cube (1),Cube (1),Cube (1)
80764,63736025232897,Cube (1),Cube (1),Cube (1)
80781,63736025232920,Cube (1),Cube (1),Cube (1)
80814,63736025232942,Cube (1),HelleFliesen,Cube (1)
80822,63736025232966,Cube (1),HelleFliesen,Cube (1)
80839,63736025232988,Cube (1),HelleFliesen,Blindenwege
80872,63736025233010,Cube (1),HelleFliesen,DunkleFliesen
80889,63736025233032,Cube (1),HelleFliesen,HelleFliesen
80922,63736025233055,DunkleFliesen,HelleFliesen,HelleFliesen
80947,63736025233076,Cube (1),HelleFliesen,DunkleFliesen
80956,63736025233098,Cube (1),HelleFliesen,DunkleFliesen
80981,63736025233120,Cube (1),HelleFliesen,Cube (1)
80997,63736025233143,Cube (1),Cube (1),Cube (1)
81031,63736025233165,Cube (1),Cube (1),Cube (1)
81047,63736025233187,Cube (1),Cube (1),Cube (1)
81064,63736025233210,Cube (1),Cube (1),Cube (1)
81097,63736025233234,Cube (1),Cube (1),Cube (1)
81114,63736025233254,Cube (1),DunkleFliesen,Cube (1)
81147,63736025233277,Cube (1),6_DigitaleS-BahnAnzeige,Cube (1)
81164,63736025233298,Cube (1),Cube (1),Cube (1)
81181,63736025233320,Cube (1),Cube (1),6_DigitaleS-BahnAnzeige
81206,63736025233342,Cube (1),Cube (1),6_DigitaleS-BahnAnzeige
81222,63736025233364,Cube (1),Cube (1),Cube (1)
81256,63736025233386,Cube (1),Cube (1),Cube (1)
81272,63736025233409,Cube (1),Cube (1),Cube (1)
81281,63736025233431,Cube (1),Cube (1),Cube (1)
81314,63736025233453,6_DigitaleS-BahnAnzeige,Cube (1),Cube (1)
81331,63736025233475,Cube (1),Cube (1),Cube (1)
81364,63736025233498,6_DigitaleS-BahnAnzeige,Cube (1),Cube (1)
81381,63736025233519,Cube (1),Cube (1),Cube (1)
81397,63736025233541,Cube (1),Cube (1),Cube (1)
81431,63736025233564,Cube (1),Cube (1),Cube (1)
81439,63736025233587,Cube (1),Cube (1),Cube (1)
81456,63736025233609,Cube (1),Cube (1),Cube (1)
81489,63736025233631,Cube (1),Cube (1),Cube (1)
81506,63736025233654,6_DigitaleS-BahnAnzeige,Cube (1),Cube (1)
81539,63736025233674,6_DigitaleS-BahnAnzeige,Cube (1),Cube (1)
81556,63736025233698,6_DigitaleS-BahnAnzeige,Cube (1),Cube (1)
81581,63736025233720,6_DigitaleS-BahnAnzeige,Cube (1),Cube (1)
81589,63736025233743,6_DigitaleS-BahnAnzeige,Cube (1),Cube (1)
81597,63736025233765,6_DigitaleS-BahnAnzeige,Cube (1),Cube (1)
81622,63736025233787,Cube (1),1_Fahrstuhl,1_Fahrstuhl
81656,63736025233809,Cube (1),LM-Fahrstuhl-Scheiben,Cube (1)
81681,63736025233831,Cube (1),LM-Fahrstuhl-Scheiben,Cube (1)
81689,63736025233853,Cube (1),LM-Fahrstuhl-Scheiben,Cube (1)
81722,63736025233876,Cube (1),LM-Fahrstuhl-Scheiben,1_Fahrstuhl
81747,63736025233899,Cube (1),LM-Fahrstuhl-Scheiben,Cube (1)
81764,63736025233922,Cube (1),LM-Fahrstuhl-Scheiben,Cube (1)
81789,63736025233945,Cube (1),LM-Fahrstuhl-Scheiben,Cube (1)
81814,63736025233966,Cube (1),1_Fahrstuhl,Cube (1)
81822,63736025233988,Cube (1),1_Fahrstuhl,Cube (1)
81872,63736025234010,Cube (1),1_Fahrstuhl,Cube (1)
81880,63736025234031,Cube (1),1_Fahrstuhl,1_Fahrstuhl
81922,63736025234053,Cube (1),LM-Fahrstuhl-Scheiben,1_Fahrstuhl
81939,63736025234073,Cube (1),LM-Fahrstuhl-Scheiben,1_Fahrstuhl
81955,63736025234098,Cube (1),LM-Fahrstuhl-Scheiben,1_Fahrstuhl
81989,63736025234119,Cube (1),LM-Fahrstuhl-Scheiben,1_Fahrstuhl
81997,63736025234144,Cube (1),LM-Fahrstuhl-Scheiben,1_Fahrstuhl
82014,63736025234164,Cube (1),LM-Fahrstuhl-Scheiben,1_Fahrstuhl
82047,63736025234187,Cube (1),LM-Fahrstuhl-Scheiben,1_Fahrstuhl
82064,63736025234211,Cube (1),LM-Fahrstuhl-Scheiben,1_Fahrstuhl
82097,63736025234233,Cube (1),LM-Fahrstuhl-Scheiben,1_Fahrstuhl
82114,63736025234254,Cube (1),LM-Fahrstuhl-Scheiben,1_Fahrstuhl
82130,63736025234276,Cube (1),LM-Fahrstuhl-Scheiben,1_Fahrstuhl
82155,63736025234298,Cube (1),LM-Fahrstuhl-Scheiben,1_Fahrstuhl
82180,63736025234320,Cube (1),LM-Fahrstuhl-Scheiben,1_Fahrstuhl
82189,63736025234341,Cube (1),LM-Fahrstuhl-Scheiben,1_Fahrstuhl
82222,63736025234364,Cube (1),LM-Fahrstuhl-Scheiben,1_Fahrstuhl
82239,63736025234386,Cube (1),1_Fahrstuhl,Cube (1)
82272,63736025234409,LM-Fahrstuhl-Scheiben,1_Fahrstuhl,1_Fahrstuhl
82289,63736025234430,5_Bank (39),5_Bank (39),5_Bank (39)
82305,63736025234451,5_Bank (39),5_Bank (36),5_Bank (36)
82330,63736025234474,5_Bank (35),5_Bank (36),5_Bank (36)
82355,63736025234497,5_Bank (36),5_Bank (36),5_Bank (36)
82380,63736025234520,5_Bank (36),5_Bank (36),5_Bank (36)
82397,63736025234541,5_Bank (36),5_Bank (34),5_Bank (39)
82430,63736025234565,5_Bank (36),5_Bank (36),5_Bank (36)
82447,63736025234585,HelleFliesen,HelleFliesen,HelleFliesen
82464,63736025234609,HelleFliesen,HelleFliesen,HelleFliesen
82497,63736025234629,HelleFliesen,HelleFliesen,HelleFliesen
82505,63736025234651,HelleFliesen,HelleFliesen,HelleFliesen
82530,63736025234673,HelleFliesen,HelleFliesen,DunkleFliesen
82555,63736025234695,HelleFliesen,HelleFliesen,DunkleFliesen
82572,63736025234718,HelleFliesen,HelleFliesen,Cube (1)
82605,63736025234741,HelleFliesen,HelleFliesen,HelleFliesen
82622,63736025234763,HelleFliesen,HelleFliesen,HelleFliesen
82630,63736025234785,HelleFliesen,HelleFliesen,HelleFliesen
82664,63736025234806,DunkleFliesen,HelleFliesen,HelleFliesen
82680,63736025234830,DunkleFliesen,HelleFliesen,HelleFliesen
82689,63736025234851,DunkleFliesen,HelleFliesen,HelleFliesen
82697,63736025234876,Cube (1),HelleFliesen,HelleFliesen
82739,63736025234896,HelleFliesen,HelleFliesen,HelleFliesen
82772,63736025234918,HelleFliesen,HelleFliesen,HelleFliesen
82797,63736025234939,HelleFliesen,HelleFliesen,HelleFliesen
82822,63736025234963,HelleFliesen,HelleFliesen,HelleFliesen
82839,63736025234984,HelleFliesen,HelleFliesen,HelleFliesen
82855,63736025235005,HelleFliesen,HelleFliesen,HelleFliesen
82880,63736025235027,HelleFliesen,HelleFliesen,HelleFliesen
82880,63736025235051,HelleFliesen,HelleFliesen,HelleFliesen
82930,63736025235072,HelleFliesen,HelleFliesen,HelleFliesen
82947,63736025235096,HelleFliesen,HelleFliesen,HelleFliesen
82955,63736025235118,HelleFliesen,HelleFliesen,HelleFliesen
82989,63736025235139,HelleFliesen,HelleFliesen,HelleFliesen
83022,63736025235169,HelleFliesen,HelleFliesen,HelleFliesen
83047,63736025235195,HelleFliesen,HelleFliesen,HelleFliesen
83055,63736025235215,HelleFliesen,HelleFliesen,HelleFliesen
83097,63736025235238,HelleFliesen,HelleFliesen,HelleFliesen
83114,63736025235260,HelleFliesen,HelleFliesen,HelleFliesen
83139,63736025235282,HelleFliesen,HelleFliesen,HelleFliesen
83155,63736025235306,HelleFliesen,HelleFliesen,HelleFliesen
83180,63736025235327,HelleFliesen,HelleFliesen,HelleFliesen
83197,63736025235349,HelleFliesen,HelleFliesen,HelleFliesen
83205,63736025235372,HelleFliesen,HelleFliesen,HelleFliesen
83238,63736025235394,HelleFliesen,HelleFliesen,HelleFliesen
83263,63736025235418,HelleFliesen,HelleFliesen,HelleFliesen
83263,63736025235437,HelleFliesen,HelleFliesen,HelleFliesen
83272,63736025235463,HelleFliesen,HelleFliesen,HelleFliesen
83280,63736025235483,HelleFliesen,HelleFliesen,HelleFliesen
83363,63736025235507,HelleFliesen,HelleFliesen,HelleFliesen
83380,63736025235527,HelleFliesen,HelleFliesen,HelleFliesen
83405,63736025235550,HelleFliesen,HelleFliesen,HelleFliesen
83413,63736025235571,HelleFliesen,HelleFliesen,HelleFliesen
83430,63736025235594,HelleFliesen,HelleFliesen,HelleFliesen
83472,63736025235616,HelleFliesen,HelleFliesen,HelleFliesen
83488,63736025235639,HelleFliesen,HelleFliesen,None
83522,63736025235660,Cube (1),Cube (1),Cube (1)
83530,63736025235682,Cube (1),Cube (1),Cube (1)
83547,63736025235704,Cube (1),Cube (1),Cube (1)
83580,63736025235727,Cube (1),Cube (1),Cube (1)
83597,63736025235749,Cube (1),Cube (1),Cube (1)
83630,63736025235771,Cube (1),Cube (1),Cube (1)
83647,63736025235793,Cube (1),Cube (1),Cube (1)
83663,63736025235816,Cube (1),Cube (1),Cube (1)
83688,63736025235839,Cube (1),Cube (1),Cube (1)
83713,63736025235861,Cube (1),Cube (1),Cube (1)
83747,63736025235883,Cube (1),Cube (1),Cube (1)
83755,63736025235905,Cube (1),Cube (1),Cube (1)
83780,63736025235928,Cube (1),Cube (1),Cube (1)
83797,63736025235950,Cube (1),Cube (1),Cube (1)
83822,63736025235972,Cube (1),Cube (1),Cube (1)
83855,63736025235995,Cube (1),Cube (1),Cube (1)
83872,63736025236015,Cube (1),Cube (1),Cube (1)
83880,63736025236038,Cube (1),Cube (1),Cube (1)
83905,63736025236060,Cube (1),Cube (1),Cube (1)
83922,63736025236084,Cube (1),Cube (1),Cube (1)
83963,63736025236106,Cube (1),Cube (1),Cube (1)
83980,63736025236127,Cube (1),Cube (1),Cube (1)
83988,63736025236149,Cube (1),Cube (1),Cube (1)
84022,63736025236171,6_DigitaleS-BahnAnzeige,6_DigitaleS-BahnAnzeige,6_DigitaleS-BahnAnzeige
84030,63736025236195,6_DigitaleS-BahnAnzeige,6_DigitaleS-BahnAnzeige,6_DigitaleS-BahnAnzeige
84047,63736025236216,6_DigitaleS-BahnAnzeige,6_DigitaleS-BahnAnzeige,6_DigitaleS-BahnAnzeige
84080,63736025236240,6_DigitaleS-BahnAnzeige,6_DigitaleS-BahnAnzeige,6_DigitaleS-BahnAnzeige
84105,63736025236260,6_DigitaleS-BahnAnzeige,6_DigitaleS-BahnAnzeige,6_DigitaleS-BahnAnzeige
84138,63736025236283,6_DigitaleS-BahnAnzeige,6_DigitaleS-BahnAnzeige,6_DigitaleS-BahnAnzeige
84155,63736025236303,6_DigitaleS-BahnAnzeige,6_DigitaleS-BahnAnzeige,6_DigitaleS-BahnAnzeige
84172,63736025236327,6_DigitaleS-BahnAnzeige,6_DigitaleS-BahnAnzeige,6_DigitaleS-BahnAnzeige
84222,63736025236349,Cube (1),None,None
84230,63736025236372,LM-Fahrstuhl-Scheiben,None,Cube (1)
84255,63736025236394,None,6_DigitaleS-BahnAnzeige,None
84272,63736025236417,None,6_DigitaleS-BahnAnzeige,None
84305,63736025236438,None,6_DigitaleS-BahnAnzeige,None
84322,63736025236460,None,6_DigitaleS-BahnAnzeige,6_DigitaleS-BahnAnzeige
84338,63736025236482,6_DigitaleS-BahnAnzeige,6_DigitaleS-BahnAnzeige,6_DigitaleS-BahnAnzeige
84363,63736025236504,None,6_DigitaleS-BahnAnzeige,6_DigitaleS-BahnAnzeige
84388,63736025236526,None,6_DigitaleS-BahnAnzeige,6_DigitaleS-BahnAnzeige
84413,63736025236548,6_DigitaleS-BahnAnzeige,6_DigitaleS-BahnAnzeige,6_DigitaleS-BahnAnzeige
84430,63736025236573,LM-Fahrstuhl-Scheiben,6_DigitaleS-BahnAnzeige,6_DigitaleS-BahnAnzeige
84447,63736025236593,6_DigitaleS-BahnAnzeige,6_DigitaleS-BahnAnzeige,6_DigitaleS-BahnAnzeige
84480,63736025236616,6_DigitaleS-BahnAnzeige,6_DigitaleS-BahnAnzeige,6_DigitaleS-BahnAnzeige
84497,63736025236637,6_DigitaleS-BahnAnzeige,6_DigitaleS-BahnAnzeige,6_DigitaleS-BahnAnzeige
84513,63736025236659,6_DigitaleS-BahnAnzeige,6_DigitaleS-BahnAnzeige,6_DigitaleS-BahnAnzeige
84547,63736025236683,6_DigitaleS-BahnAnzeige,6_DigitaleS-BahnAnzeige,6_DigitaleS-BahnAnzeige
84555,63736025236704,6_DigitaleS-BahnAnzeige,6_DigitaleS-BahnAnzeige,6_DigitaleS-BahnAnzeige
84597,63736025236726,6_DigitaleS-BahnAnzeige,6_DigitaleS-BahnAnzeige,6_DigitaleS-BahnAnzeige
84613,63736025236748,6_DigitaleS-BahnAnzeige,6_DigitaleS-BahnAnzeige,6_DigitaleS-BahnAnzeige
84638,63736025236771,6_DigitaleS-BahnAnzeige,6_DigitaleS-BahnAnzeige,6_DigitaleS-BahnAnzeige
84655,63736025236793,6_DigitaleS-BahnAnzeige,6_DigitaleS-BahnAnzeige,6_DigitaleS-BahnAnzeige
84672,63736025236815,6_DigitaleS-BahnAnzeige,6_DigitaleS-BahnAnzeige,6_DigitaleS-BahnAnzeige
84705,63736025236838,6_DigitaleS-BahnAnzeige,6_DigitaleS-BahnAnzeige,6_DigitaleS-BahnAnzeige
84722,63736025236860,6_DigitaleS-BahnAnzeige,6_DigitaleS-BahnAnzeige,6_DigitaleS-BahnAnzeige
84755,63736025236883,6_DigitaleS-BahnAnzeige,6_DigitaleS-BahnAnzeige,6_DigitaleS-BahnAnzeige
84763,63736025236908,6_DigitaleS-BahnAnzeige,6_DigitaleS-BahnAnzeige,6_DigitaleS-BahnAnzeige
84780,63736025236927,6_DigitaleS-BahnAnzeige,6_DigitaleS-BahnAnzeige,6_DigitaleS-BahnAnzeige
84813,63736025236949,6_DigitaleS-BahnAnzeige,6_DigitaleS-BahnAnzeige,6_DigitaleS-BahnAnzeige
84830,63736025236971,6_DigitaleS-BahnAnzeige,6_DigitaleS-BahnAnzeige,6_DigitaleS-BahnAnzeige
84846,63736025236993,6_DigitaleS-BahnAnzeige,6_DigitaleS-BahnAnzeige,6_DigitaleS-BahnAnzeige
84871,63736025237015,6_DigitaleS-BahnAnzeige,6_DigitaleS-BahnAnzeige,6_DigitaleS-BahnAnzeige
84888,63736025237037,6_DigitaleS-BahnAnzeige,6_DigitaleS-BahnAnzeige,6_DigitaleS-BahnAnzeige
84913,63736025237060,6_DigitaleS-BahnAnzeige,6_DigitaleS-BahnAnzeige,6_DigitaleS-BahnAnzeige
84921,63736025237082,6_DigitaleS-BahnAnzeige,6_DigitaleS-BahnAnzeige,6_DigitaleS-BahnAnzeige
84946,63736025237104,6_DigitaleS-BahnAnzeige,6_DigitaleS-BahnAnzeige,6_DigitaleS-BahnAnzeige
84971,63736025237126,6_DigitaleS-BahnAnzeige,6_DigitaleS-BahnAnzeige,6_DigitaleS-BahnAnzeige
84996,63736025237149,6_DigitaleS-BahnAnzeige,6_DigitaleS-BahnAnzeige,6_DigitaleS-BahnAnzeige
85021,63736025237172,6_DigitaleS-BahnAnzeige,6_DigitaleS-BahnAnzeige,6_DigitaleS-BahnAnzeige
85038,63736025237193,6_DigitaleS-BahnAnzeige,6_DigitaleS-BahnAnzeige,6_DigitaleS-BahnAnzeige
85055,63736025237215,6_DigitaleS-BahnAnzeige,6_DigitaleS-BahnAnzeige,6_DigitaleS-BahnAnzeige
85088,63736025237238,6_DigitaleS-BahnAnzeige,6_DigitaleS-BahnAnzeige,6_DigitaleS-BahnAnzeige
85105,63736025237258,6_DigitaleS-BahnAnzeige,6_DigitaleS-BahnAnzeige,6_DigitaleS-BahnAnzeige
85130,63736025237282,6_DigitaleS-BahnAnzeige,6_DigitaleS-BahnAnzeige,6_DigitaleS-BahnAnzeige
85146,63736025237304,6_DigitaleS-BahnAnzeige,6_DigitaleS-BahnAnzeige,6_DigitaleS-BahnAnzeige
85155,63736025237327,None,6_DigitaleS-BahnAnzeige,6_DigitaleS-BahnAnzeige
85188,63736025237347,None,6_DigitaleS-BahnAnzeige,6_DigitaleS-BahnAnzeige
85221,63736025237371,6_DigitaleS-BahnAnzeige,6_DigitaleS-BahnAnzeige,6_DigitaleS-BahnAnzeige
85230,63736025237391,6_DigitaleS-BahnAnzeige,6_DigitaleS-BahnAnzeige,6_DigitaleS-BahnAnzeige
85263,63736025237415,Cube (1),Cube (1),Cube (1)
85288,63736025237436,HelleFliesen,Cube (1),HelleFliesen
85321,63736025237459,Cube (1),HelleFliesen,HelleFliesen
85338,63736025237482,HelleFliesen,HelleFliesen,HelleFliesen
85355,63736025237502,Cube (1),Cube (1),Cube (1)
85380,63736025237527,HelleFliesen,Cube (1),HelleFliesen
85396,63736025237547,HelleFliesen,Cube (1),HelleFliesen
85430,63736025237569,HelleFliesen,HelleFliesen,HelleFliesen
85455,63736025237592,HelleFliesen,Cube (1),HelleFliesen
85463,63736025237614,HelleFliesen,Cube (1),Cube (1)
85488,63736025237638,HelleFliesen,Cube (1),Cube (1)
85496,63736025237658,HelleFliesen,Cube (1),Cube (1)
85530,63736025237681,Cube (1),6_DigitaleS-BahnAnzeige,Cube (1)
85555,63736025237702,Cube (1),Cube (1),Cube (1)
85563,63736025237725,273|Mesh|C|GleisabschnittA.001,Cube (1),Cube (1)
85596,63736025237746,Cube (1),Cube (1),Cube (1)
85605,63736025237769,Cube (1),Cube (1),Cube (1)
85638,63736025237793,Cube (1),Cube (1),Cube (1)
85638,63736025237814,Cube (1),Cube (1),Cube (1)
85663,63736025237837,Cube (1),Cube (1),Cube (1)
85713,63736025237858,Cube (1),Cube (1),Cube (1)
85721,63736025237881,Cube (1),Cube (1),Cube (1)
85755,63736025237904,Cube (1),Cube (1),Cube (1)
85780,63736025237926,Cube (1),Cube (1),Cube (1)
85788,63736025237948,Cube (1),Cube (1),Cube (1)
85821,63736025237969,Cube (1),Cube (1),Cube (1)
85846,63736025237992,None,None,None
85855,63736025238013,None,LM_WerbungGroß,None
85888,63736025238036,None,LM_Mesh_B_RMVServicestore,PlaneSafety 1 (1)
85896,63736025238059,LM_Mesh_B_RMVServicestore,None,PlaneSafety 1 (1)
85938,63736025238081,LM_Mesh_B_RMVServicestore,LM_Mesh_B_RMVServicestore,LM_Mesh_B_RMVServicestore
85955,63736025238102,LM_Mesh_B_RMVServicestore,LM_Mesh_B_RMVServicestore,LM_Mesh_B_RMVServicestore
85980,63736025238125,LM_Mesh_B_RMVServicestore,LM_Mesh_B_RMVServicestore,LM_Mesh_B_RMVServicestore
85996,63736025238147,LM_Mesh_B_RMVServicestore,LM_Mesh_B_RMVServicestore,LM_Mesh_B_RMVServicestore
86013,63736025238170,LM_Mesh_B_RMVServicestore,LM_Mesh_B_RMVServicestore,LM_Mesh_B_RMVServicestore
86055,63736025238194,None,LM_WerbungGroß,None
86063,63736025238214,LM-Fahrstuhl-Scheiben,Cube (1),LM-Fahrstuhl-Scheiben
86096,63736025238237,None,None,None
86105,63736025238260,None,None,None
86113,63736025238282,None,None,None
86146,63736025238306,None,None,None
86163,63736025238329,None,None,None
86205,63736025238348,None,None,None
86221,63736025238370,None,None,None
86238,63736025238393,None,None,None
86263,63736025238414,None,None,None
86271,63736025238436,None,None,None
86304,63736025238458,None,None,None
86329,63736025238480,None,None,None
86338,63736025238501,None,None,None
86371,63736025238524,None,None,None
86379,63736025238546,None,None,None
86413,63736025238569,None,None,None
86438,63736025238592,None,None,None
86454,63736025238613,None,None,None
86471,63736025238636,Cube (1),Cube (1),Cube (1)
86488,63736025238659,HelleFliesen,HelleFliesen,HelleFliesen
86529,63736025238680,Cube (1),HelleFliesen,DunkleFliesen
86546,63736025238703,HelleFliesen,HelleFliesen,HelleFliesen
86563,63736025238724,HelleFliesen,HelleFliesen,HelleFliesen
86588,63736025238748,HelleFliesen,HelleFliesen,HelleFliesen
86596,63736025238769,HelleFliesen,HelleFliesen,HelleFliesen
86646,63736025238791,HelleFliesen,HelleFliesen,HelleFliesen
86663,63736025238813,HelleFliesen,HelleFliesen,HelleFliesen
86679,63736025238835,HelleFliesen,HelleFliesen,HelleFliesen
86713,63736025238857,None,5_Bank (10),5_Bank (13)
86729,63736025238880,5_Bank (10),None,5_Bank (13)
86763,63736025238902,None,None,None
86779,63736025238926,None,None,None
86796,63736025238949,None,None,None
86829,63736025238970,None,None,None
86838,63736025238993,5_Bank (13),None,None
86871,63736025239014,None,None,None
86896,63736025239037,None,None,None
86921,63736025239059,None,None,None
86938,63736025239080,None,None,None
86963,63736025239102,DunkleFliesen,DunkleFliesen,DunkleFliesen
86988,63736025239125,DunkleFliesen,Bahnsteigkante,Bahnsteigkante
86988,63736025239146,DunkleFliesen,Bahnsteigkante,Bahnsteigkante
87004,63736025239169,Bahnsteigkante,Bahnsteigkante,Bahnsteigkante
87021,63736025239191,DunkleFliesen,DunkleFliesen,DunkleFliesen
87046,63736025239213,DunkleFliesen,DunkleFliesen,DunkleFliesen
87088,63736025239237,DunkleFliesen,DunkleFliesen,DunkleFliesen
87096,63736025239257,DunkleFliesen,DunkleFliesen,DunkleFliesen
87146,63736025239280,Cube (1),Cube (1),Cube (1)
87146,63736025239302,Cube (1),Cube (1),Cube (1)
87154,63736025239325,Cube (1),Cube (1),Cube (1)
87196,63736025239348,Cube (1),Cube (1),Cube (1)
87213,63736025239369,Cube (1),Cube (1),Cube (1)
87246,63736025239392,Cube (1),Cube (1),Cube (1)
87263,63736025239413,Cube (1),Cube (1),Cube (1)
87271,63736025239437,Cube (1),Cube (1),Cube (1)
87304,63736025239458,Cube (1),Cube (1),Cube (1)
87329,63736025239480,Cube (1),Cube (1),Cube (1)
87354,63736025239503,Cube (1),Cube (1),Cube (1)
87379,63736025239524,Cube (1),Cube (1),Cube (1)
87388,63736025239547,Cube (1),Cube (1),Cube (1)
87421,63736025239568,Cube (1),Cube (1),Cube (1)
87438,63736025239592,Cube (1),Cube (1),Cube (1)
87454,63736025239613,Cube (1),Cube (1),Cube (1)
87488,63736025239634,Cube (1),Cube (1),Cube (1)
87504,63736025239656,Cube (1),Cube (1),Cube (1)
87538,63736025239679,Cube (1),Cube (1),Cube (1)
87554,63736025239703,Cube (1),Cube (1),Cube (1)
87563,63736025239723,Cube (1),Cube (1),Cube (1)
87596,63736025239746,Cube (1),Cube (1),Cube (1)
87613,63736025239767,Cube (1),Cube (1),Cube (1)
87638,63736025239790,Cube (1),Cube (1),Cube (1)
87663,63736025239815,Cube (1),Cube (1),Cube (1)
87671,63736025239835,Cube (1),Bahnsteigkante,Cube (1)
87713,63736025239857,Cube (1),Cube (1),Cube (1)
87721,63736025239879,Cube (1),Cube (1),Cube (1)
87738,63736025239900,Cube (1),Cube (1),Cube (1)
87771,63736025239923,Cube (1),Cube (1),Cube (1)
87788,63736025239945,Cube (1),Cube (1),Cube (1)
87821,63736025239968,Cube (1),Cube (1),Cube (1)
87829,63736025239990,Cube (1),Blindenwege,Cube (1)
87854,63736025240012,5_Bank (12),LM-Fahrstuhl-Scheiben,1_Fahrstuhl
87887,63736025240034,15_Werbetafel 1 (3),15_Werbetafel 1 (3),15_Werbetafel 1 (3)
87896,63736025240057,5_Bank (15),None,None
87921,63736025240078,9_Abfallbehälter (18),None,15_Werbetafel 1 (3)
87946,63736025240100,5_Bank (12),5_Bank (15),5_Bank (11)
87962,63736025240124,5_Bank (11),5_Bank (15),5_Bank (11)
87996,63736025240145,5_Bank (15),5_Bank (15),5_Bank (15)
88004,63736025240169,5_Bank (11),5_Bank (15),5_Bank (11)
88037,63736025240191,5_Bank (11),None,5_Bank (15)
88062,63736025240215,5_Bank (11),None,5_Bank (15)
88071,63736025240235,5_Bank (11),None,5_Bank (11)
88104,63736025240258,5_Bank (11),None,5_Bank (15)
88129,63736025240279,5_Bank (11),None,5_Bank (15)
88146,63736025240301,5_Bank (11),None,5_Bank (15)
88146,63736025240323,5_Bank (11),None,5_Bank (15)
88154,63736025240347,5_Bank (11),5_Bank (11),5_Bank (11)
88212,63736025240367,DunkleFliesen,Bahnsteigkante,DunkleFliesen
88229,63736025240390,DunkleFliesen,DunkleFliesen,DunkleFliesen
88262,63736025240411,HelleFliesen,HelleFliesen,HelleFliesen
88262,63736025240435,HelleFliesen,HelleFliesen,HelleFliesen
88279,63736025240456,DunkleFliesen,HelleFliesen,HelleFliesen
88329,63736025240478,HelleFliesen,HelleFliesen,HelleFliesen
88337,63736025240501,DunkleFliesen,HelleFliesen,HelleFliesen
88379,63736025240523,HelleFliesen,HelleFliesen,HelleFliesen
88396,63736025240545,HelleFliesen,HelleFliesen,HelleFliesen
88421,63736025240568,HelleFliesen,HelleFliesen,HelleFliesen
88421,63736025240592,HelleFliesen,HelleFliesen,HelleFliesen
88429,63736025240612,15_Werbetafel 1 (4),DunkleFliesen,5_Bank (10)
88479,63736025240634,None,None,None
88504,63736025240658,None,None,None
88512,63736025240679,None,None,None
88546,63736025240701,None,None,None
88562,63736025240723,33_VitrinenAnWand (9),None,None
88587,63736025240748,None,None,None
88604,63736025240767,None,None,None
88621,63736025240789,33_VitrinenAnWand (9),None,None
88662,63736025240812,Cube (1),None,None
88671,63736025240834,Cube (1),None,None
88712,63736025240856,Cube (1),Cube (1),Cube (1)
88721,63736025240880,Cube (1),None,Cube (1)
88754,63736025240900,Cube (1),Cube (1),Cube (1)
88771,63736025240922,Cube (1),None,Cube (1)
88787,63736025240944,Cube (1),None,None
88812,63736025240969,None,None,None
88829,63736025240989,None,None,None
88862,63736025241011,Cube (1),Cube (1),Cube (1)
88887,63736025241033,Cube (1),Cube (1),Cube (1)
88896,63736025241055,Cube (1),None,Cube (1)
88929,63736025241078,Cube (1),None,Cube (1)
88946,63736025241101,Cube (1),None,Cube (1)
88962,63736025241122,None,None,None
89004,63736025241144,None,1_Fahrstuhl,None
89012,63736025241167,LM-Fahrstuhl-Scheiben,1_Fahrstuhl,LM-Fahrstuhl-Scheiben
89046,63736025241189,LM-Fahrstuhl-Scheiben,None,1_Fahrstuhl
89062,63736025241203,1_Fahrstuhl,None,None
89079,63736025241225,None,None,None
89096,63736025241245,None,None,None
89129,63736025241267,None,None,None
89146,63736025241290,None,None,None
89154,63736025241313,None,None,None
89187,63736025241334,None,None,None
89204,63736025241357,None,None,None
89221,63736025241379,None,None,None
89221,63736025241400,1_Fahrstuhl,None,None
89254,63736025241423,1_Fahrstuhl,None,None
89296,63736025241444,1_Fahrstuhl,None,None
89312,63736025241468,None,None,None
89337,63736025241491,None,None,None
89362,63736025241511,None,None,None
89370,63736025241534,None,None,None
89404,63736025241557,None,None,None
89420,63736025241579,None,None,None
89437,63736025241602,None,None,None
89470,63736025241623,None,None,None
89487,63736025241645,None,None,None
89520,63736025241668,None,None,None
89537,63736025241690,None,None,None
89562,63736025241712,None,None,None
89587,63736025241734,None,None,None
89595,63736025241756,None,None,None
89629,63736025241779,None,None,None
89645,63736025241801,None,None,None
89670,63736025241823,None,None,None
89695,63736025241845,None,None,None
89712,63736025241867,None,None,None
89737,63736025241890,None,None,None
89754,63736025241912,None,None,None
89770,63736025241932,None,None,None
89812,63736025241956,None,None,None
89820,63736025241978,None,None,None
89854,63736025242001,None,None,None
89870,63736025242024,None,None,None
89887,63736025242045,None,None,None
89920,63736025242066,None,None,None
89929,63736025242091,None,None,None
89962,63736025242111,None,None,None
89970,63736025242133,None,None,None
89995,63736025242154,Cube (1),Cube (1),Cube (1)
90029,63736025242177,Cube (1),Cube (1),Cube (1)
90037,63736025242199,Cube (1),Cube (1),Cube (1)
90070,63736025242222,Cube (1),Cube (1),Cube (1)
90095,63736025242243,Cube (1),Cube (1),Cube (1)
90112,63736025242265,Cube (1),Cube (1),Cube (1)
90145,63736025242287,Cube (1),Cube (1),Cube (1)
90154,63736025242312,Cube (1),Cube (1),Cube (1)
90179,63736025242332,Cube (1),Cube (1),Cube (1)
90204,63736025242356,HelleFliesen,DunkleFliesen,HelleFliesen
90220,63736025242377,Cube (1),Cube (1),Cube (1)
90245,63736025242399,Cube (1),Cube (1),Cube (1)
90262,63736025242424,Cube (1),Cube (1),Cube (1)
90295,63736025242445,Cube (1),Cube (1),Cube (1)
90312,63736025242468,Cube (1),Cube (1),Cube (1)
90329,63736025242489,Cube (1),Cube (1),Cube (1)
90362,63736025242511,Cube (1),Cube (1),Cube (1)
90379,63736025242534,Cube (1),Cube (1),Cube (1)
90412,63736025242555,Cube (1),Cube (1),Cube (1)
90429,63736025242577,Cube (1),Cube (1),Cube (1)
90445,63736025242599,Cube (1),Cube (1),Cube (1)
90487,63736025242622,Cube (1),Cube (1),Cube (1)
90495,63736025242643,Cube (1),Cube (1),Cube (1)
90529,63736025242667,Cube (1),Cube (1),Cube (1)
90545,63736025242688,Cube (1),Cube (1),Cube (1)
90562,63736025242703,Cube (1),Cube (1),Cube (1)
90570,63736025242721,Cube (1),Cube (1),Cube (1)
90570,63736025242744,Cube (1),Cube (1),Cube (1)
90595,63736025242766,Cube (1),Cube (1),Cube (1)
90637,63736025242788,273|Mesh|C|GleisabschnittA.001,Cube (1),273|Mesh|C|GleisabschnittA.001
90662,63736025242809,273|Mesh|C|GleisabschnittA.001,273|Mesh|C|GleisabschnittA.001,273|Mesh|C|GleisabschnittA.001
90679,63736025242833,Cube (1),273|Mesh|C|GleisabschnittA.001,273|Mesh|C|GleisabschnittA.001
90704,63736025242856,273|Mesh|C|GleisabschnittA.001,273|Mesh|C|GleisabschnittA.001,273|Mesh|C|GleisabschnittA.001
90720,63736025242870,Cube (1),Cube (1),Cube (1)
90737,63736025242888,Cube (1),Cube (1),Cube (1)
90754,63736025242910,273|Mesh|C|GleisabschnittA.001,Cube (1),Cube (1)
90787,63736025242932,273|Mesh|C|GleisabschnittA.001,Cube (1),273|Mesh|C|GleisabschnittA.001
90812,63736025242954,273|Mesh|C|GleisabschnittA.001,Cube (1),Cube (1)
90820,63736025242977,273|Mesh|C|GleisabschnittA.001,Cube (1),Cube (1)
90854,63736025243001,273|Mesh|C|GleisabschnittA.001,Cube (1),Cube (1)
90870,63736025243021,273|Mesh|C|GleisabschnittA.001,Cube (1),Cube (1)
90903,63736025243043,273|Mesh|C|GleisabschnittA.001,Cube (1),Cube (1)
90928,63736025243064,273|Mesh|C|GleisabschnittA.001,Cube (1),273|Mesh|C|GleisabschnittA.001
90937,63736025243078,Cube (1),Cube (1),Cube (1)
90945,63736025243099,Cube (1),Cube (1),Cube (1)
90978,63736025243122,Cube (1),273|Mesh|C|GleisabschnittA.001,Cube (1)
90987,63736025243138,Cube (1),273|Mesh|C|GleisabschnittA.001,Cube (1)
91003,63736025243155,Cube (1),Cube (1),Cube (1)
91020,63736025243177,Cube (1),Cube (1),Cube (1)
91053,63736025243199,None,None,None
91070,63736025243220,Cube (1),273|Mesh|C|GleisabschnittA.001,Cube (1)
91078,63736025243243,Cube (1),Cube (1),Cube (1)
91128,63736025243265,DunkleFliesen,HelleFliesen,DunkleFliesen
91137,63736025243287,HelleFliesen,HelleFliesen,DunkleFliesen
91145,63736025243310,HelleFliesen,HelleFliesen,HelleFliesen
91187,63736025243331,5_Bank (12),DunkleFliesen,HelleFliesen
91195,63736025243346,HelleFliesen,DunkleFliesen,HelleFliesen
91212,63736025243366,HelleFliesen,DunkleFliesen,HelleFliesen
91228,63736025243387,5_Bank (12),HelleFliesen,DunkleFliesen
91245,63736025243400,HelleFliesen,HelleFliesen,HelleFliesen
91278,63736025243420,5_Bank (12),HelleFliesen,DunkleFliesen
91295,63736025243442,DunkleFliesen,HelleFliesen,DunkleFliesen
91312,63736025243457,HelleFliesen,HelleFliesen,DunkleFliesen
91328,63736025243476,HelleFliesen,HelleFliesen,DunkleFliesen
91345,63736025243489,HelleFliesen,DunkleFliesen,HelleFliesen
91353,63736025243509,HelleFliesen,HelleFliesen,HelleFliesen
91387,63736025243532,HelleFliesen,HelleFliesen,HelleFliesen
91403,63736025243553,HelleFliesen,HelleFliesen,HelleFliesen
91420,63736025243575,HelleFliesen,HelleFliesen,HelleFliesen
91437,63736025243589,HelleFliesen,HelleFliesen,HelleFliesen
91453,63736025243608,HelleFliesen,HelleFliesen,HelleFliesen
91470,63736025243622,HelleFliesen,HelleFliesen,HelleFliesen
91487,63736025243641,HelleFliesen,HelleFliesen,HelleFliesen
91503,63736025243655,HelleFliesen,HelleFliesen,HelleFliesen
91528,63736025243675,HelleFliesen,DunkleFliesen,HelleFliesen
91528,63736025243688,5_Bank (12),HelleFliesen,DunkleFliesen
91570,63736025243708,HelleFliesen,HelleFliesen,HelleFliesen
91578,63736025243722,HelleFliesen,HelleFliesen,HelleFliesen
91578,63736025243742,HelleFliesen,HelleFliesen,HelleFliesen
91587,63736025243755,HelleFliesen,HelleFliesen,HelleFliesen
91628,63736025243776,HelleFliesen,HelleFliesen,HelleFliesen
91645,63736025243791,HelleFliesen,HelleFliesen,HelleFliesen
91662,63736025243809,HelleFliesen,HelleFliesen,HelleFliesen
91670,63736025243822,HelleFliesen,HelleFliesen,HelleFliesen
91695,63736025243841,HelleFliesen,HelleFliesen,HelleFliesen
91703,63736025243854,HelleFliesen,HelleFliesen,HelleFliesen
91720,63736025243875,HelleFliesen,HelleFliesen,HelleFliesen
91728,63736025243888,HelleFliesen,HelleFliesen,HelleFliesen
91753,63736025243908,HelleFliesen,HelleFliesen,HelleFliesen
91762,63736025243921,HelleFliesen,HelleFliesen,HelleFliesen
91778,63736025243942,HelleFliesen,HelleFliesen,HelleFliesen
91795,63736025243958,HelleFliesen,HelleFliesen,HelleFliesen
91812,63736025243974,HelleFliesen,HelleFliesen,HelleFliesen
91828,63736025243987,HelleFliesen,HelleFliesen,HelleFliesen
91862,63736025244009,HelleFliesen,HelleFliesen,HelleFliesen
91862,63736025244023,HelleFliesen,HelleFliesen,HelleFliesen
91887,63736025244041,HelleFliesen,HelleFliesen,HelleFliesen
91887,63736025244055,HelleFliesen,HelleFliesen,HelleFliesen
91912,63736025244074,HelleFliesen,HelleFliesen,HelleFliesen
91912,63736025244088,HelleFliesen,HelleFliesen,HelleFliesen
91920,63736025244108,HelleFliesen,HelleFliesen,HelleFliesen
91962,63736025244125,HelleFliesen,HelleFliesen,HelleFliesen
91987,63736025244141,HelleFliesen,HelleFliesen,HelleFliesen
92003,63736025244153,HelleFliesen,HelleFliesen,HelleFliesen
92020,63736025244174,HelleFliesen,HelleFliesen,HelleFliesen
92037,63736025244186,HelleFliesen,HelleFliesen,HelleFliesen
92053,63736025244208,HelleFliesen,HelleFliesen,HelleFliesen
92070,63736025244221,HelleFliesen,HelleFliesen,HelleFliesen
92078,63736025244241,HelleFliesen,HelleFliesen,HelleFliesen
92095,63736025244255,HelleFliesen,HelleFliesen,HelleFliesen
92112,63736025244276,HelleFliesen,HelleFliesen,HelleFliesen
92145,63736025244297,HelleFliesen,HelleFliesen,HelleFliesen
92162,63736025244312,HelleFliesen,5_Bank (17),HelleFliesen
92187,63736025244330,HelleFliesen,HelleFliesen,HelleFliesen
92195,63736025244343,1_Fahrstuhl,5_Bank (17),HelleFliesen
92212,63736025244363,HelleFliesen,1_Fahrstuhl,1_Fahrstuhl
92228,63736025244376,1_Fahrstuhl,HelleFliesen,1_Fahrstuhl
92245,63736025244397,1_Fahrstuhl,1_Fahrstuhl,1_Fahrstuhl
92262,63736025244410,HelleFliesen,HelleFliesen,HelleFliesen
92278,63736025244430,HelleFliesen,HelleFliesen,HelleFliesen
92295,63736025244442,HelleFliesen,1_Fahrstuhl,HelleFliesen
92303,63736025244465,HelleFliesen,1_Fahrstuhl,HelleFliesen
92328,63736025244479,5_Bank (17),1_Fahrstuhl,HelleFliesen
92345,63736025244496,5_Bank (17),1_Fahrstuhl,5_Bank (17)
92362,63736025244508,HelleFliesen,1_Fahrstuhl,HelleFliesen
92378,63736025244530,HelleFliesen,1_Fahrstuhl,1_Fahrstuhl
92395,63736025244542,HelleFliesen,235_Mesh_B_DBServicestore,1_Fahrstuhl
92412,63736025244562,HelleFliesen,235_Mesh_B_DBServicestore,1_Fahrstuhl
92428,63736025244575,HelleFliesen,1_Fahrstuhl,HelleFliesen
92428,63736025244599,HelleFliesen,1_Fahrstuhl,HelleFliesen
92445,63736025244618,HelleFliesen,1_Fahrstuhl,HelleFliesen
92486,63736025244632,HelleFliesen,235_Mesh_B_DBServicestore,HelleFliesen
92503,63736025244652,HelleFliesen,HelleFliesen,HelleFliesen
92520,63736025244666,HelleFliesen,HelleFliesen,HelleFliesen
92536,63736025244686,HelleFliesen,HelleFliesen,HelleFliesen
92553,63736025244707,HelleFliesen,1_Fahrstuhl,HelleFliesen
92570,63736025244729,HelleFliesen,1_Fahrstuhl,HelleFliesen
92586,63736025244741,HelleFliesen,235_Mesh_B_DBServicestore,DunkleFliesen
92586,63736025244754,HelleFliesen,235_Mesh_B_DBServicestore,HelleFliesen
92628,63736025244774,None,9_Abfallbehälter (18),None
92645,63736025244788,None,LM_Werbetafel_Display,None
92661,63736025244807,None,15_Werbetafel 1 (3),None
92678,63736025244820,None,15_Werbetafel 1 (3),None
92695,63736025244841,None,LM_Werbetafel_Display,None
92703,63736025244862,None,None,None
92711,63736025244874,None,None,None
92720,63736025244896,1_Fahrstuhl,None,None
92736,63736025244909,1_Fahrstuhl,None,None
92770,63736025244930,LM-Fahrstuhl-Scheiben,None,None
92786,63736025244944,1_Fahrstuhl,None,None
92786,63736025244962,1_Fahrstuhl,None,None
92803,63736025244974,1_Fahrstuhl,None,None
92828,63736025244995,1_Fahrstuhl,None,None
92853,63736025245008,1_Fahrstuhl,None,None
92886,63736025245031,1_Fahrstuhl,None,None
92886,63736025245043,1_Fahrstuhl,None,None
92920,63736025245064,1_Fahrstuhl,None,None
92936,63736025245076,1_Fahrstuhl,None,None
92953,63736025245096,LM-Fahrstuhl-Scheiben,None,None
92970,63736025245108,LM-Fahrstuhl-Scheiben,None,None
92986,63736025245129,LM-Fahrstuhl-Scheiben,None,None
93003,63736025245141,LM-Fahrstuhl-Scheiben,None,None
93020,63736025245162,LM-Fahrstuhl-Scheiben,None,None
93036,63736025245175,1_Fahrstuhl,None,None
93053,63736025245196,1_Fahrstuhl,None,None
93070,63736025245209,1_Fahrstuhl,None,None
93078,63736025245230,1_Fahrstuhl,None,None
93103,63736025245243,1_Fahrstuhl,None,None
93120,63736025245263,1_Fahrstuhl,None,None
93136,63736025245275,1_Fahrstuhl,None,None
93153,63736025245296,1_Fahrstuhl,9_Abfallbehälter (18),None
93161,63736025245308,1_Fahrstuhl,9_Abfallbehälter (18),None
93178,63736025245329,1_Fahrstuhl,9_Abfallbehälter (18),None
93195,63736025245351,1_Fahrstuhl,LM_Werbetafel_Display,None
93203,63736025245366,1_Fahrstuhl,15_Werbetafel 1 (3),None
93236,63736025245385,1_Fahrstuhl,LM_Werbetafel_Display,None
93236,63736025245397,1_Fahrstuhl,LM_Werbetafel_Display,None
93245,63736025245419,1_Fahrstuhl,LM_Werbetafel_Display,None
93270,63736025245432,1_Fahrstuhl,LM_Werbetafel_Display,None
93295,63736025245450,1_Fahrstuhl,LM_Werbetafel_Display,None
93311,63736025245462,1_Fahrstuhl,LM_Werbetafel_Display,None
93328,63736025245475,1_Fahrstuhl,LM_Werbetafel_Display,None
93336,63736025245494,1_Fahrstuhl,LM_Werbetafel_Display,None
93336,63736025245507,1_Fahrstuhl,LM_Werbetafel_Display,None
93345,63736025245528,1_Fahrstuhl,15_Werbetafel 1 (3),None
93386,63736025245541,1_Fahrstuhl,15_Werbetafel 1 (3),None
93403,63736025245561,1_Fahrstuhl,LM_Werbetafel_Display,None
93428,63736025245575,1_Fahrstuhl,15_Werbetafel 1 (3),None
93436,63736025245595,1_Fahrstuhl,None,None
93453,63736025245610,1_Fahrstuhl,15_Werbetafel 1 (3),None
93478,63736025245628,1_Fahrstuhl,9_Abfallbehälter (18),None
93495,63736025245650,1_Fahrstuhl,9_Abfallbehälter (18),None
93495,63736025245663,1_Fahrstuhl,9_Abfallbehälter (18),None
93511,63736025245684,1_Fahrstuhl,9_Abfallbehälter (18),None
93511,63736025245696,1_Fahrstuhl,9_Abfallbehälter (18),None
93511,63736025245717,1_Fahrstuhl,9_Abfallbehälter (18),None
93536,63736025245730,1_Fahrstuhl,9_Abfallbehälter (18),None
93586,63736025245752,1_Fahrstuhl,9_Abfallbehälter (18),None
93603,63736025245764,1_Fahrstuhl,9_Abfallbehälter (18),None
93636,63736025245783,1_Fahrstuhl,15_Werbetafel 1 (3),None
93636,63736025245796,1_Fahrstuhl,9_Abfallbehälter (18),None
93653,63736025245819,LM-Fahrstuhl-Scheiben,9_Abfallbehälter (18),None
93653,63736025245832,LM-Fahrstuhl-Scheiben,9_Abfallbehälter (18),None
93661,63736025245851,1_Fahrstuhl,9_Abfallbehälter (18),None
93703,63736025245863,273|Mesh|C|GleisabschnittA.001,273|Mesh|C|GleisabschnittA.001,273|Mesh|C|GleisabschnittA.001
93728,63736025245884,273|Mesh|C|GleisabschnittA.001,None,273|Mesh|C|GleisabschnittA.001
93736,63736025245897,273|Mesh|C|GleisabschnittA.001,None,273|Mesh|C|GleisabschnittA.001
93745,63736025245917,273|Mesh|C|GleisabschnittA.001,None,None
93761,63736025245929,None,None,None
93786,63736025245950,None,None,None
93811,63736025245962,None,None,None
93828,63736025245983,None,None,None
93836,63736025245997,None,None,None
93836,63736025246017,None,None,None
93836,63736025246028,None,None,None
93853,63736025246040,None,None,None
93903,63736025246052,None,None,None
93920,63736025246073,None,None,None
93936,63736025246086,None,None,None
93945,63736025246105,None,None,None
93969,63736025246117,None,None,None
93978,63736025246129,None,None,None
93978,63736025246140,None,None,None
93978,63736025246151,None,None,None
93978,63736025246163,None,None,None
93978,63736025246175,None,None,None
94044,63736025246194,None,None,None
94044,63736025246206,None,None,None
94061,63736025246219,None,None,None
94078,63736025246231,273|Mesh|C|GleisabschnittA.001,273|Mesh|C|GleisabschnittA.001,273|Mesh|C|GleisabschnittA.001
94094,63736025246249,273|Mesh|C|GleisabschnittA.001,Cube (1),Cube (1)
94119,63736025246260,Cube (1),Cube (1),Cube (1)
94119,63736025246271,Cube (1),Cube (1),Cube (1)
94128,63736025246283,Cube (1),Cube (1),Cube (1)
94153,63736025246295,Cube (1),Cube (1),Cube (1)
94169,63736025246307,Cube (1),Cube (1),Cube (1)
94169,63736025246319,Cube (1),Cube (1),Cube (1)
94178,63736025246339,Cube (1),Cube (1),Cube (1)
94178,63736025246350,Cube (1),Cube (1),Cube (1)
94228,63736025246374,Cube (1),Cube (1),Cube (1)
94236,63736025246386,Cube (1),Cube (1),Cube (1)
94253,63736025246405,Cube (1),Cube (1),Cube (1)
94269,63736025246418,Cube (1),Cube (1),Cube (1)
94278,63736025246439,Cube (1),Cube (1),Cube (1)
94303,63736025246451,Cube (1),Cube (1),Cube (1)
94319,63736025246473,Cube (1),Cube (1),Cube (1)
94336,63736025246495,Cube (1),Cube (1),Cube (1)
94361,63736025246517,Cube (1),Cube (1),Cube (1)
94369,63736025246530,273|Mesh|C|GleisabschnittA.001,Cube (1),Cube (1)
94403,63736025246552,273|Mesh|C|GleisabschnittA.001,Cube (1),273|Mesh|C|GleisabschnittA.001
94411,63736025246574,273|Mesh|C|GleisabschnittA.001,Cube (1),273|Mesh|C|GleisabschnittA.001
94428,63736025246586,273|Mesh|C|GleisabschnittA.001,273|Mesh|C|GleisabschnittA.001,273|Mesh|C|GleisabschnittA.001
94461,63736025246607,273|Mesh|C|GleisabschnittA.001,273|Mesh|C|GleisabschnittA.001,273|Mesh|C|GleisabschnittA.001
94469,63736025246622,273|Mesh|C|GleisabschnittA.001,273|Mesh|C|GleisabschnittA.001,273|Mesh|C|GleisabschnittA.001
94494,63736025246639,273|Mesh|C|GleisabschnittA.001,273|Mesh|C|GleisabschnittA.001,273|Mesh|C|GleisabschnittA.001
94494,63736025246652,273|Mesh|C|GleisabschnittA.001,273|Mesh|C|GleisabschnittA.001,273|Mesh|C|GleisabschnittA.001
94519,63736025246674,273|Mesh|C|GleisabschnittA.001,Cube (1),273|Mesh|C|GleisabschnittA.001
94528,63736025246689,273|Mesh|C|GleisabschnittA.001,Cube (1),273|Mesh|C|GleisabschnittA.001
94553,63736025246706,273|Mesh|C|GleisabschnittA.001,273|Mesh|C|GleisabschnittA.001,273|Mesh|C|GleisabschnittA.001
94569,63736025246719,273|Mesh|C|GleisabschnittA.001,273|Mesh|C|GleisabschnittA.001,273|Mesh|C|GleisabschnittA.001
94586,63736025246740,None,273|Mesh|C|GleisabschnittA.001,None
94594,63736025246752,273|Mesh|C|GleisabschnittA.001,273|Mesh|C|GleisabschnittA.001,273|Mesh|C|GleisabschnittA.001
94611,63736025246774,273|Mesh|C|GleisabschnittA.001,273|Mesh|C|GleisabschnittA.001,273|Mesh|C|GleisabschnittA.001
94628,63736025246787,273|Mesh|C|GleisabschnittA.001,273|Mesh|C|GleisabschnittA.001,273|Mesh|C|GleisabschnittA.001
94653,63736025246806,273|Mesh|C|GleisabschnittA.001,273|Mesh|C|GleisabschnittA.001,273|Mesh|C|GleisabschnittA.001
94669,63736025246821,273|Mesh|C|GleisabschnittA.001,273|Mesh|C|GleisabschnittA.001,273|Mesh|C|GleisabschnittA.001
94686,63736025246839,273|Mesh|C|GleisabschnittA.001,273|Mesh|C|GleisabschnittA.001,273|Mesh|C|GleisabschnittA.001
94694,63736025246851,273|Mesh|C|GleisabschnittA.001,273|Mesh|C|GleisabschnittA.001,273|Mesh|C|GleisabschnittA.001
94711,63736025246873,273|Mesh|C|GleisabschnittA.001,273|Mesh|C|GleisabschnittA.001,273|Mesh|C|GleisabschnittA.001
94728,63736025246885,273|Mesh|C|GleisabschnittA.001,273|Mesh|C|GleisabschnittA.001,273|Mesh|C|GleisabschnittA.001
94736,63736025246906,273|Mesh|C|GleisabschnittA.001,273|Mesh|C|GleisabschnittA.001,273|Mesh|C|GleisabschnittA.001
94761,63736025246918,273|Mesh|C|GleisabschnittA.001,273|Mesh|C|GleisabschnittA.001,273|Mesh|C|GleisabschnittA.001
94761,63736025246940,273|Mesh|C|GleisabschnittA.001,273|Mesh|C|GleisabschnittA.001,273|Mesh|C|GleisabschnittA.001
94786,63736025246952,273|Mesh|C|GleisabschnittA.001,273|Mesh|C|GleisabschnittA.001,273|Mesh|C|GleisabschnittA.001
94819,63736025246974,273|Mesh|C|GleisabschnittA.001,273|Mesh|C|GleisabschnittA.001,273|Mesh|C|GleisabschnittA.001
94836,63736025246989,273|Mesh|C|GleisabschnittA.001,273|Mesh|C|GleisabschnittA.001,273|Mesh|C|GleisabschnittA.001
94861,63736025247006,273|Mesh|C|GleisabschnittA.001,273|Mesh|C|GleisabschnittA.001,273|Mesh|C|GleisabschnittA.001
94861,63736025247017,273|Mesh|C|GleisabschnittA.001,273|Mesh|C|GleisabschnittA.001,273|Mesh|C|GleisabschnittA.001
94886,63736025247039,273|Mesh|C|GleisabschnittA.001,273|Mesh|C|GleisabschnittA.001,273|Mesh|C|GleisabschnittA.001
94886,63736025247052,273|Mesh|C|GleisabschnittA.001,273|Mesh|C|GleisabschnittA.001,273|Mesh|C|GleisabschnittA.001
94919,63736025247073,Cube (1),Cube (1),6_DigitaleS-BahnAnzeige
94928,63736025247087,Cube (1),6_DigitaleS-BahnAnzeige,6_DigitaleS-BahnAnzeige
94961,63736025247106,Cube (1),6_DigitaleS-BahnAnzeige,6_DigitaleS-BahnAnzeige
94969,63736025247118,Cube (1),6_DigitaleS-BahnAnzeige,Cube (1)
94978,63736025247140,Cube (1),6_DigitaleS-BahnAnzeige,Cube (1)
94994,63736025247162,Cube (1),6_DigitaleS-BahnAnzeige,Cube (1)
95003,63736025247175,Cube (1),6_DigitaleS-BahnAnzeige,Cube (1)
95003,63736025247194,Cube (1),Cube (1),Cube (1)
95036,63736025247206,Cube (1),6_DigitaleS-BahnAnzeige,Cube (1)
95069,63736025247220,Cube (1),6_DigitaleS-BahnAnzeige,Cube (1)
95086,63736025247239,Cube (1),6_DigitaleS-BahnAnzeige,Cube (1)
95094,63736025247251,Cube (1),6_DigitaleS-BahnAnzeige,Cube (1)
95119,63736025247272,Cube (1),Cube (1),Cube (1)
95128,63736025247283,Cube (1),Cube (1),Cube (1)
95136,63736025247306,Cube (1),Cube (1),Cube (1)
95153,63736025247321,Cube (1),Cube (1),Cube (1)
95178,63736025247338,Cube (1),Cube (1),Cube (1)
95194,63736025247350,Cube (1),Cube (1),Cube (1)
95211,63736025247363,Cube (1),Cube (1),Cube (1)
95228,63736025247384,Cube (1),Cube (1),Cube (1)
95236,63736025247397,Cube (1),Cube (1),Cube (1)
95261,63736025247418,Cube (1),Cube (1),Cube (1)
95269,63736025247429,1_Fahrstuhl,LM-Fahrstuhl-Scheiben,LM-Fahrstuhl-Scheiben
95294,63736025247450,None,LM-Fahrstuhl-Scheiben,None
95303,63736025247464,15_Werbetafel 1 (3),None,LM_Werbetafel_Display
95328,63736025247476,None,None,None
95336,63736025247496,None,15_Werbetafel 1 (3),None
95353,63736025247508,None,LM_Werbetafel_Display,None
95369,63736025247529,None,LM_Werbetafel_Display,None
95378,63736025247543,None,LM_Werbetafel_Display,None
95411,63736025247562,None,15_Werbetafel 1 (3),LM_Werbetafel_Display
95419,63736025247576,None,15_Werbetafel 1 (3),LM_Werbetafel_Display
95428,63736025247588,None,LM_Werbetafel_Display,LM_Werbetafel_Display
95453,63736025247607,LM_Werbetafel_Display,15_Werbetafel 1 (3),15_Werbetafel 1 (3)
95461,63736025247620,LM_Werbetafel_Display,15_Werbetafel 1 (3),15_Werbetafel 1 (3)
95486,63736025247641,15_Werbetafel 1 (3),15_Werbetafel 1 (3),15_Werbetafel 1 (3)
95494,63736025247656,15_Werbetafel 1 (3),15_Werbetafel 1 (3),15_Werbetafel 1 (3)
95494,63736025247673,15_Werbetafel 1 (3),15_Werbetafel 1 (3),15_Werbetafel 1 (3)
95519,63736025247685,15_Werbetafel 1 (3),15_Werbetafel 1 (3),15_Werbetafel 1 (3)
95519,63736025247699,LM_Werbetafel_Display,15_Werbetafel 1 (3),15_Werbetafel 1 (3)
95552,63736025247717,LM_Werbetafel_Display,LM_Werbetafel_Display,LM_Werbetafel_Display
95569,63736025247729,None,15_Werbetafel 1 (3),15_Werbetafel 1 (3)
95569,63736025247741,None,None,None
95594,63736025247762,None,None,9_Abfallbehälter (18)
95594,63736025247774,None,None,9_Abfallbehälter (18)
95594,63736025247788,None,None,9_Abfallbehälter (18)
95644,63736025247806,Cube (1),Cube (1),Cube (1)
95644,63736025247818,Cube (1),Cube (1),Cube (1)
95686,63736025247841,Cube (1),Cube (1),Cube (1)
95694,63736025247853,Cube (1),Cube (1),Cube (1)
95711,63736025247873,Cube (1),Cube (1),Cube (1)
95736,63736025247885,Cube (1),6_DigitaleS-BahnAnzeige,Cube (1)
95736,63736025247896,Cube (1),6_DigitaleS-BahnAnzeige,Cube (1)
95752,63736025247908,Cube (1),6_DigitaleS-BahnAnzeige,Cube (1)
95752,63736025247929,Cube (1),6_DigitaleS-BahnAnzeige,Cube (1)
95769,63736025247943,Cube (1),6_DigitaleS-BahnAnzeige,Cube (1)
95794,63736025247962,Cube (1),6_DigitaleS-BahnAnzeige,Cube (1)
95811,63736025247974,Cube (1),6_DigitaleS-BahnAnzeige,Cube (1)
95811,63736025247986,Cube (1),6_DigitaleS-BahnAnzeige,Cube (1)
95836,63736025247997,Cube (1),Cube (1),Cube (1)
95852,63736025248017,Cube (1),Cube (1),Cube (1)
95886,63736025248030,Cube (1),Cube (1),Cube (1)
95886,63736025248041,Cube (1),Cube (1),Cube (1)
95894,63736025248054,Cube (1),Cube (1),Cube (1)
95902,63736025248072,Cube (1),Cube (1),Cube (1)
95919,63736025248086,Cube (1),Cube (1),Cube (1)
95944,63736025248098,Cube (1),Cube (1),Cube (1)
95952,63736025248117,Cube (1),Cube (1),Cube (1)
95969,63736025248128,6_DigitaleS-BahnAnzeige,Cube (1),6_DigitaleS-BahnAnzeige
95969,63736025248140,6_DigitaleS-BahnAnzeige,Cube (1),Cube (1)
95969,63736025248151,6_DigitaleS-BahnAnzeige,Cube (1),Cube (1)
95994,63736025248163,Cube (1),Cube (1),Cube (1)
96019,63736025248174,Cube (1),Cube (1),Cube (1)
96027,63736025248194,Cube (1),Cube (1),Cube (1)
96027,63736025248205,Cube (1),Cube (1),Cube (1)
96027,63736025248217,Cube (1),Cube (1),Cube (1)
96061,63736025248229,Cube (1),Cube (1),Cube (1)
96094,63736025248240,Cube (1),Cube (1),Cube (1)
96094,63736025248253,Cube (1),Cube (1),Cube (1)
96102,63736025248272,Cube (1),Cube (1),Cube (1)
96127,63736025248285,Cube (1),Cube (1),Cube (1)
96152,63736025248304,Cube (1),Cube (1),Cube (1)
96169,63736025248317,Cube (1),Cube (1),Cube (1)
96169,63736025248329,Cube (1),Cube (1),Cube (1)
96194,63736025248349,Cube (1),Cube (1),Cube (1)
96194,63736025248361,Cube (1),Cube (1),Cube (1)
96227,63736025248382,Cube (1),Cube (1),Cube (1)
96227,63736025248394,Cube (1),Cube (1),Cube (1)
96244,63736025248407,Cube (1),Cube (1),Cube (1)
96261,63736025248426,Cube (1),Cube (1),Cube (1)
96269,63736025248437,Cube (1),Cube (1),Cube (1)
96286,63736025248450,Cube (1),Cube (1),Cube (1)
96311,63736025248462,Cube (1),Cube (1),Cube (1)
96327,63736025248484,Cube (1),Cube (1),Cube (1)
96336,63736025248495,Cube (1),Cube (1),Cube (1)
96352,63736025248517,Cube (1),Cube (1),Cube (1)
96369,63736025248528,Cube (1),Cube (1),Cube (1)
96394,63736025248549,Cube (1),Cube (1),Cube (1)
96402,63736025248563,Cube (1),Cube (1),Cube (1)
96419,63736025248582,Cube (1),Cube (1),Cube (1)
96427,63736025248593,Cube (1),Cube (1),Cube (1)
96427,63736025248605,Cube (1),Cube (1),Cube (1)
96427,63736025248616,Cube (1),Cube (1),Cube (1)
96461,63736025248628,Cube (1),Cube (1),Cube (1)
96494,63736025248640,Cube (1),Cube (1),Cube (1)
96502,63736025248661,Cube (1),Cube (1),Cube (1)
96502,63736025248673,Cube (1),Cube (1),Cube (1)
96519,63736025248685,Cube (1),Cube (1),Cube (1)
96519,63736025248697,Cube (1),Cube (1),Cube (1)
96577,63736025248717,Cube (1),Cube (1),Cube (1)
96586,63736025248731,Cube (1),Cube (1),Cube (1)
96602,63736025248750,Cube (1),Cube (1),Cube (1)
96602,63736025248761,Cube (1),Cube (1),Cube (1)
96619,63736025248773,Cube (1),Cube (1),Cube (1)
96636,63736025248786,Cube (1),Cube (1),Cube (1)
96652,63736025248805,Cube (1),Cube (1),Cube (1)
96661,63736025248817,Cube (1),Cube (1),Cube (1)
96677,63736025248828,Cube (1),Cube (1),Cube (1)
96677,63736025248840,Cube (1),Cube (1),Cube (1)
96694,63736025248852,Cube (1),Cube (1),Cube (1)
96711,63736025248863,Cube (1),Cube (1),Cube (1)
96727,63736025248883,Cube (1),Cube (1),Cube (1)
96752,63736025248897,Cube (1),Cube (1),Cube (1)
96761,63736025248916,Cube (1),Cube (1),Cube (1)
96769,63736025248929,Cube (1),Cube (1),Cube (1)
96794,63736025248941,Cube (1),Cube (1),Cube (1)
96802,63736025248962,Cube (1),Cube (1),Cube (1)
96819,63736025248974,Cube (1),Cube (1),Cube (1)
96827,63736025248994,Cube (1),Cube (1),Cube (1)
96844,63736025249005,Cube (1),Cube (1),Cube (1)
96844,63736025249016,Cube (1),Cube (1),Cube (1)
96869,63736025249028,Cube (1),Cube (1),Cube (1)
96886,63736025249040,Cube (1),Cube (1),Cube (1)
96902,63736025249060,Cube (1),Cube (1),Cube (1)
96919,63736025249073,Cube (1),Cube (1),Cube (1)
96936,63736025249094,Cube (1),Cube (1),Cube (1)
96952,63736025249105,Cube (1),Cube (1),Cube (1)
96969,63736025249126,Cube (1),Cube (1),Cube (1)
96977,63736025249138,Cube (1),Cube (1),Cube (1)
97002,63736025249149,Cube (1),Cube (1),Cube (1)
97011,63736025249161,Cube (1),Cube (1),Cube (1)
97011,63736025249173,Cube (1),Cube (1),Cube (1)
97036,63736025249184,Cube (1),Cube (1),Cube (1)
97044,63736025249205,Cube (1),Cube (1),Cube (1)
97060,63736025249218,None,LM-Fahrstuhl-Scheiben,LM-Fahrstuhl-Scheiben
97085,63736025249238,None,None,None
97085,63736025249250,None,None,None
97102,63736025249262,None,None,None
97127,63736025249273,None,None,None
97135,63736025249285,None,None,None
97152,63736025249304,None,None,None
97160,63736025249317,None,None,None
97160,63736025249329,None,None,None
97194,63736025249348,None,None,None
97194,63736025249361,None,None,None
97210,63736025249375,None,None,None
97235,63736025249394,None,None,None
97244,63736025249405,None,None,None
97269,63736025249416,5_Bank (18),5_Bank (18),5_Bank (18)
97269,63736025249427,5_Bank (21),5_Bank (18),5_Bank (21)
97277,63736025249438,HelleFliesen,HelleFliesen,HelleFliesen
97285,63736025249450,DunkleFliesen,Cube (1),HelleFliesen
97310,63736025249462,HelleFliesen,HelleFliesen,DunkleFliesen
97335,63736025249483,HelleFliesen,HelleFliesen,HelleFliesen
97352,63736025249494,HelleFliesen,HelleFliesen,HelleFliesen
97369,63736025249515,HelleFliesen,HelleFliesen,HelleFliesen
97385,63736025249530,HelleFliesen,HelleFliesen,HelleFliesen
97410,63736025249548,HelleFliesen,HelleFliesen,HelleFliesen
97427,63736025249560,HelleFliesen,HelleFliesen,HelleFliesen
97435,63736025249571,HelleFliesen,HelleFliesen,DunkleFliesen
97435,63736025249583,HelleFliesen,HelleFliesen,DunkleFliesen
97452,63736025249594,HelleFliesen,HelleFliesen,HelleFliesen
97469,63736025249606,HelleFliesen,HelleFliesen,HelleFliesen
97485,63736025249627,HelleFliesen,HelleFliesen,HelleFliesen
97502,63736025249639,HelleFliesen,HelleFliesen,HelleFliesen
97519,63736025249651,HelleFliesen,5_Bank (17),HelleFliesen
97535,63736025249671,HelleFliesen,HelleFliesen,HelleFliesen
97552,63736025249683,HelleFliesen,HelleFliesen,HelleFliesen
97569,63736025249704,HelleFliesen,DunkleFliesen,HelleFliesen
97569,63736025249715,HelleFliesen,Cube (1),HelleFliesen
97577,63736025249726,HelleFliesen,HelleFliesen,HelleFliesen
97602,63736025249737,HelleFliesen,HelleFliesen,HelleFliesen
97627,63736025249749,HelleFliesen,HelleFliesen,HelleFliesen
97627,63736025249761,HelleFliesen,HelleFliesen,HelleFliesen
97635,63736025249772,HelleFliesen,HelleFliesen,HelleFliesen
97644,63736025249792,HelleFliesen,HelleFliesen,HelleFliesen
97660,63736025249805,HelleFliesen,DunkleFliesen,HelleFliesen
97677,63736025249817,HelleFliesen,HelleFliesen,HelleFliesen
97694,63736025249829,HelleFliesen,HelleFliesen,HelleFliesen
97710,63736025249848,HelleFliesen,HelleFliesen,HelleFliesen
97727,63736025249862,HelleFliesen,HelleFliesen,HelleFliesen
97744,63736025249881,HelleFliesen,HelleFliesen,HelleFliesen
97760,63736025249893,HelleFliesen,HelleFliesen,5_Bank (18)
97760,63736025249904,HelleFliesen,HelleFliesen,5_Bank (18)
97769,63736025249915,LM-Fahrstuhl-Scheiben,LM-Fahrstuhl-Scheiben,LM-Fahrstuhl-Scheiben
97785,63736025249926,None,None,None
97802,63736025249938,None,None,None
97802,63736025249949,None,None,None
97819,63736025249961,None,None,None
97835,63736025249972,None,None,None
97852,63736025249993,None,None,None
97869,63736025250005,None,None,None
97885,63736025250021,None,None,None
97902,63736025250037,None,None,None
97902,63736025250048,None,None,None
97919,63736025250061,None,None,None
97935,63736025250073,None,None,None
97944,63736025250093,None,None,None
97969,63736025250104,None,None,None
97985,63736025250115,None,None,None
97985,63736025250127,None,None,None
98010,63736025250148,None,None,None
98027,63736025250161,None,None,None
98035,63736025250181,None,None,None
98052,63736025250193,None,None,None
98052,63736025250204,None,None,None
98069,63736025250215,None,None,None
98077,63736025250227,None,None,None
98077,63736025250238,None,None,None
98094,63736025250248,None,None,None
98110,63736025250260,None,None,None
98110,63736025250271,None,None,None
98127,63736025250283,None,None,None
98144,63736025250293,None,None,None
98160,63736025250305,None,None,None
98160,63736025250319,None,None,None
98194,63736025250337,LM-Fahrstuhl-Scheiben,LM-Fahrstuhl-Scheiben,LM-Fahrstuhl-Scheiben
98194,63736025250349,LM-Fahrstuhl-Scheiben,LM-Fahrstuhl-Scheiben,LM-Fahrstuhl-Scheiben
98202,63736025250360,235_Mesh_B_DBServicestore,235_Mesh_B_DBServicestore,235_Mesh_B_DBServicestore
98219,63736025250371,235_Mesh_B_DBServicestore,235_Mesh_B_DBServicestore,235_Mesh_B_DBServicestore
98219,63736025250382,235_Mesh_B_DBServicestore,235_Mesh_B_DBServicestore,235_Mesh_B_DBServicestore
98235,63736025250393,235_Mesh_B_DBServicestore,235_Mesh_B_DBServicestore,235_Mesh_B_DBServicestore
98260,63736025250404,235_Mesh_B_DBServicestore,235_Mesh_B_DBServicestore,235_Mesh_B_DBServicestore
98260,63736025250415,235_Mesh_B_DBServicestore,235_Mesh_B_DBServicestore,235_Mesh_B_DBServicestore
98269,63736025250428,235_Mesh_B_DBServicestore,235_Mesh_B_DBServicestore,235_Mesh_B_DBServicestore
98285,63736025250439,235_Mesh_B_DBServicestore,235_Mesh_B_DBServicestore,235_Mesh_B_DBServicestore
98302,63736025250450,235_Mesh_B_DBServicestore,235_Mesh_B_DBServicestore,235_Mesh_B_DBServicestore
98302,63736025250462,235_Mesh_B_DBServicestore,235_Mesh_B_DBServicestore,235_Mesh_B_DBServicestore
98310,63736025250473,235_Mesh_B_DBServicestore,235_Mesh_B_DBServicestore,235_Mesh_B_DBServicestore
98335,63736025250492,235_Mesh_B_DBServicestore,235_Mesh_B_DBServicestore,235_Mesh_B_DBServicestore
98344,63736025250504,235_Mesh_B_DBServicestore,235_Mesh_B_DBServicestore,235_Mesh_B_DBServicestore
98369,63736025250515,235_Mesh_B_DBServicestore,235_Mesh_B_DBServicestore,235_Mesh_B_DBServicestore
98369,63736025250526,1_Fahrstuhl,235_Mesh_B_DBServicestore,235_Mesh_B_DBServicestore
98377,63736025250537,1_Fahrstuhl,235_Mesh_B_DBServicestore,235_Mesh_B_DBServicestore
98402,63736025250547,1_Fahrstuhl,235_Mesh_B_DBServicestore,235_Mesh_B_DBServicestore
98402,63736025250559,1_Fahrstuhl,235_Mesh_B_DBServicestore,1_Fahrstuhl
98410,63736025250570,1_Fahrstuhl,235_Mesh_B_DBServicestore,235_Mesh_B_DBServicestore
98427,63736025250581,None,9_Abfallbehälter (18),None
98444,63736025250594,None,None,None
98444,63736025250604,None,None,None
98460,63736025250615,None,None,None
98485,63736025250628,None,None,None
98494,63736025250640,None,None,None
98502,63736025250659,None,None,None
98502,63736025250670,None,None,None
98519,63736025250681,None,None,None
98535,63736025250692,None,None,None
98552,63736025250703,None,None,None
98552,63736025250714,None,None,None
98569,63736025250726,None,None,None
98585,63736025250737,None,None,None
98585,63736025250747,None,None,None
98602,63736025250760,None,None,None
98627,63736025250771,None,None,None
98635,63736025250784,None,None,None
98652,63736025250804,None,None,None
98660,63736025250816,None,None,None
98660,63736025250828,None,None,None
98668,63736025250839,None,None,None
98702,63736025250850,None,None,None
98702,63736025250860,None,None,None
98710,63736025250871,None,None,None
98735,63736025250881,None,None,None
98735,63736025250892,None,None,None
98743,63736025250904,None,None,None
98768,63736025250914,None,None,None
98768,63736025250926,None,None,None
98777,63736025250939,None,None,None
98802,63736025250960,None,None,None
98802,63736025250972,None,None,None
98827,63736025250982,DunkleFliesen,Bahnsteigkante,DunkleFliesen
98835,63736025250994,DunkleFliesen,DunkleFliesen,DunkleFliesen
98860,63736025251005,None,None,None
98860,63736025251015,HelleFliesen,Blindenwege,DunkleFliesen
98868,63736025251026,HelleFliesen,DunkleFliesen,DunkleFliesen
98877,63736025251037,HelleFliesen,DunkleFliesen,HelleFliesen
98877,63736025251049,HelleFliesen,DunkleFliesen,HelleFliesen
98902,63736025251061,Blindenwege,DunkleFliesen,DunkleFliesen
98927,63736025251072,DunkleFliesen,Blindenwege,DunkleFliesen
98927,63736025251082,DunkleFliesen,DunkleFliesen,None
98943,63736025251096,HelleFliesen,DunkleFliesen,HelleFliesen
98985,63736025251117,HelleFliesen,HelleFliesen,HelleFliesen
98985,63736025251129,HelleFliesen,HelleFliesen,HelleFliesen
99010,63736025251147,HelleFliesen,HelleFliesen,HelleFliesen
99010,63736025251159,HelleFliesen,HelleFliesen,HelleFliesen
99035,63736025251170,HelleFliesen,DunkleFliesen,DunkleFliesen
99043,63736025251182,DunkleFliesen,DunkleFliesen,Blindenwege
99043,63736025251193,DunkleFliesen,DunkleFliesen,Blindenwege
99060,63736025251204,DunkleFliesen,None,Bahnsteigkante
99077,63736025251215,HelleFliesen,DunkleFliesen,DunkleFliesen
99093,63736025251235,DunkleFliesen,Bahnsteigkante,DunkleFliesen
99110,63736025251247,DunkleFliesen,Blindenwege,DunkleFliesen
99110,63736025251257,HelleFliesen,Blindenwege,DunkleFliesen
99127,63736025251269,HelleFliesen,Bahnsteigkante,DunkleFliesen
99143,63736025251279,DunkleFliesen,DunkleFliesen,DunkleFliesen
99168,63736025251291,DunkleFliesen,DunkleFliesen,Blindenwege
99168,63736025251302,DunkleFliesen,DunkleFliesen,Blindenwege
99177,63736025251313,HelleFliesen,Bahnsteigkante,Blindenwege
99185,63736025251324,DunkleFliesen,DunkleFliesen,Blindenwege
99185,63736025251335,DunkleFliesen,DunkleFliesen,Blindenwege
99202,63736025251347,HelleFliesen,DunkleFliesen,Blindenwege
99218,63736025251358,HelleFliesen,Bahnsteigkante,Blindenwege
99235,63736025251368,HelleFliesen,Bahnsteigkante,Blindenwege
99235,63736025251379,HelleFliesen,Bahnsteigkante,DunkleFliesen
99252,63736025251392,HelleFliesen,Bahnsteigkante,Blindenwege
99268,63736025251405,HelleFliesen,Bahnsteigkante,DunkleFliesen
99285,63736025251425,HelleFliesen,Bahnsteigkante,DunkleFliesen
99302,63736025251435,HelleFliesen,Bahnsteigkante,Blindenwege
99302,63736025251445,HelleFliesen,Bahnsteigkante,Blindenwege
99310,63736025251457,HelleFliesen,DunkleFliesen,Blindenwege
99327,63736025251468,HelleFliesen,DunkleFliesen,DunkleFliesen
99343,63736025251480,HelleFliesen,DunkleFliesen,DunkleFliesen
99343,63736025251491,HelleFliesen,DunkleFliesen,DunkleFliesen
99360,63736025251503,DunkleFliesen,DunkleFliesen,DunkleFliesen
99377,63736025251513,None,None,None
99377,63736025251524,None,None,None
99385,63736025251536,None,None,None
99385,63736025251547,None,None,None
99410,63736025251559,235_Mesh_B_DBServicestore,235_Mesh_B_DBServicestore,235_Mesh_B_DBServicestore
99410,63736025251572,235_Mesh_B_DBServicestore,235_Mesh_B_DBServicestore,235_Mesh_B_DBServicestore
99418,63736025251590,1_Fahrstuhl,1_Fahrstuhl,1_Fahrstuhl
99443,63736025251602,Cube (1),1_Fahrstuhl,1_Fahrstuhl
99468,63736025251613,Cube (1),LM-Fahrstuhl-Scheiben,Cube (1)
99485,63736025251624,LM_WerbungGroß,LM-Fahrstuhl-Scheiben,LM_WerbungGroß
99485,63736025251635,LM_WerbungGroß,LM-Fahrstuhl-Scheiben,LM_WerbungGroß
99485,63736025251646,LM_WerbungGroß,LM-Fahrstuhl-Scheiben,LM_WerbungGroß
99493,63736025251658,LM_WerbungGroß,LM-Fahrstuhl-Scheiben,LM_WerbungGroß
99493,63736025251669,LM_WerbungGroß,1_Fahrstuhl,LM_WerbungGroß
99502,63736025251680,Cube (1),Cube (1),LM_WerbungGroß
99535,63736025251691,LM_WerbungGroß,Cube (1),Cube (1)
99552,63736025251702,Cube (1),Cube (1),Cube (1)
99552,63736025251715,Cube (1),Cube (1),Cube (1)
99577,63736025251728,Cube (1),Cube (1),Cube (1)
99593,63736025251746,Cube (1),Cube (1),Cube (1)
99602,63736025251758,Cube (1),Cube (1),Cube (1)
99627,63736025251769,LM_WerbungGroß,Cube (1),Cube (1)
99627,63736025251780,LM_WerbungGroß,Cube (1),Cube (1)
99635,63736025251790,LM_WerbungGroß,Cube (1),Cube (1)
99660,63736025251802,LM_WerbungGroß,Cube (1),Cube (1)
99677,63736025251813,LM_WerbungGroß,Cube (1),LM_WerbungGroß
99677,63736025251824,LM_WerbungGroß,Cube (1),LM_WerbungGroß
99685,63736025251836,LM_WerbungGroß,Cube (1),Cube (1)
99702,63736025251846,LM_WerbungGroß,Cube (1),Cube (1)
99702,63736025251859,LM_WerbungGroß,Cube (1),Cube (1)
99718,63736025251871,1_Fahrstuhl,1_Fahrstuhl,1_Fahrstuhl
99735,63736025251891,HelleFliesen,HelleFliesen,HelleFliesen
99752,63736025251902,1_Fahrstuhl,1_Fahrstuhl,1_Fahrstuhl
99768,63736025251913,1_Fahrstuhl,HelleFliesen,HelleFliesen
99785,63736025251925,HelleFliesen,HelleFliesen,HelleFliesen
99785,63736025251936,HelleFliesen,HelleFliesen,HelleFliesen
99802,63736025251946,1_Fahrstuhl,HelleFliesen,HelleFliesen
99810,63736025251957,1_Fahrstuhl,HelleFliesen,HelleFliesen
99810,63736025251969,1_Fahrstuhl,HelleFliesen,HelleFliesen
99818,63736025251980,HelleFliesen,HelleFliesen,HelleFliesen
99843,63736025251990,HelleFliesen,DunkleFliesen,HelleFliesen
99843,63736025252001,HelleFliesen,DunkleFliesen,HelleFliesen
99843,63736025252013,HelleFliesen,DunkleFliesen,DunkleFliesen
99852,63736025252027,HelleFliesen,DunkleFliesen,DunkleFliesen
99860,63736025252039,DunkleFliesen,DunkleFliesen,DunkleFliesen
99910,63736025252058,HelleFliesen,HelleFliesen,HelleFliesen
99935,63736025252070,15_Werbetafel 1 (3),HelleFliesen,HelleFliesen
99935,63736025252080,15_Werbetafel 1 (3),HelleFliesen,HelleFliesen
99943,63736025252092,HelleFliesen,HelleFliesen,HelleFliesen
99968,63736025252103,HelleFliesen,HelleFliesen,HelleFliesen
99968,63736025252113,HelleFliesen,HelleFliesen,HelleFliesen
99977,63736025252124,HelleFliesen,None,HelleFliesen
99993,63736025252134,HelleFliesen,HelleFliesen,HelleFliesen
99993,63736025252146,HelleFliesen,HelleFliesen,HelleFliesen
100010,63736025252158,HelleFliesen,HelleFliesen,HelleFliesen
100018,63736025252170,DunkleFliesen,HelleFliesen,HelleFliesen
100035,63736025252183,HelleFliesen,HelleFliesen,HelleFliesen
100052,63736025252201,HelleFliesen,HelleFliesen,HelleFliesen
100068,63736025252214,HelleFliesen,HelleFliesen,HelleFliesen
100068,63736025252224,HelleFliesen,HelleFliesen,HelleFliesen
100077,63736025252242,HelleFliesen,HelleFliesen,HelleFliesen
100102,63736025252257,HelleFliesen,HelleFliesen,None
100110,63736025252270,235_Mesh_B_DBServicestore,HelleFliesen,235_Mesh_B_DBServicestore
100135,63736025252279,5_Bank (19),1_Fahrstuhl,1_Fahrstuhl
100151,63736025252291,1_Fahrstuhl,1_Fahrstuhl,LM-Fahrstuhl-Blende-Unten
100151,63736025252303,1_Fahrstuhl,1_Fahrstuhl,1_Fahrstuhl
100160,63736025252314,DunkleFliesen,HelleFliesen,HelleFliesen
100185,63736025252325,HelleFliesen,1_Fahrstuhl,1_Fahrstuhl
100193,63736025252338,HelleFliesen,1_Fahrstuhl,5_Bank (17)
100193,63736025252351,HelleFliesen,1_Fahrstuhl,5_Bank (17)
100218,63736025252369,HelleFliesen,1_Fahrstuhl,HelleFliesen
100218,63736025252380,HelleFliesen,1_Fahrstuhl,HelleFliesen
100235,63736025252391,HelleFliesen,1_Fahrstuhl,1_Fahrstuhl
100260,63736025252403,5_Bank (17),1_Fahrstuhl,1_Fahrstuhl
100260,63736025252413,5_Bank (17),1_Fahrstuhl,1_Fahrstuhl
100268,63736025252424,HelleFliesen,LM-Fahrstuhl-Blende-Unten,1_Fahrstuhl
100285,63736025252436,HelleFliesen,LM-Fahrstuhl-Blende-Unten,DunkleFliesen
100285,63736025252446,HelleFliesen,1_Fahrstuhl,DunkleFliesen
100301,63736025252458,HelleFliesen,1_Fahrstuhl,DunkleFliesen
100310,63736025252470,HelleFliesen,1_Fahrstuhl,HelleFliesen
100310,63736025252481,HelleFliesen,1_Fahrstuhl,HelleFliesen
100310,63736025252491,5_Bank (17),1_Fahrstuhl,HelleFliesen
100335,63736025252503,5_Bank (17),1_Fahrstuhl,HelleFliesen
100360,63736025252513,HelleFliesen,1_Fahrstuhl,HelleFliesen
100360,63736025252524,5_Bank (17),1_Fahrstuhl,HelleFliesen
100368,63736025252536,5_Bank (17),LM-Fahrstuhl-Blende-Unten,HelleFliesen
100393,63736025252547,HelleFliesen,1_Fahrstuhl,HelleFliesen
100393,63736025252557,HelleFliesen,DunkleFliesen,HelleFliesen
100401,63736025252569,HelleFliesen,HelleFliesen,HelleFliesen
100418,63736025252580,HelleFliesen,HelleFliesen,HelleFliesen
100443,63736025252591,HelleFliesen,HelleFliesen,HelleFliesen
100443,63736025252602,HelleFliesen,HelleFliesen,HelleFliesen
100460,63736025252613,HelleFliesen,DunkleFliesen,DunkleFliesen
100468,63736025252626,HelleFliesen,HelleFliesen,HelleFliesen
100468,63736025252636,HelleFliesen,HelleFliesen,HelleFliesen
100493,63736025252649,DunkleFliesen,LM-Fahrstuhl-Blende-Unten,HelleFliesen
100510,63736025252662,HelleFliesen,LM-Fahrstuhl-Blende-Unten,HelleFliesen
100526,63736025252680,HelleFliesen,LM-Fahrstuhl-Blende-Unten,HelleFliesen
100535,63736025252691,HelleFliesen,1_Fahrstuhl,Cube (1)
100560,63736025252702,HelleFliesen,LM-Fahrstuhl-Blende-Unten,HelleFliesen
100560,63736025252713,HelleFliesen,LM-Fahrstuhl-Blende-Unten,HelleFliesen
100576,63736025252724,HelleFliesen,1_Fahrstuhl,HelleFliesen
100585,63736025252735,HelleFliesen,HelleFliesen,HelleFliesen
100585,63736025252746,HelleFliesen,HelleFliesen,HelleFliesen
100601,63736025252758,Cube (1),Cube (1),LM_WerbungGroß
100618,63736025252768,Cube (1),Cube (1),LM_WerbungGroß
100635,63736025252779,LM_WerbungGroß,LM_WerbungGroß,LM_WerbungGroß
100635,63736025252791,LM_WerbungGroß,LM_WerbungGroß,LM_WerbungGroß
100643,63736025252802,Cube (1),LM_WerbungGroß,LM_WerbungGroß
100668,63736025252812,Cube (1),LM_WerbungGroß,LM_WerbungGroß
100668,63736025252825,Cube (1),LM_WerbungGroß,LM_WerbungGroß
100676,63736025252835,Cube (1),LM_WerbungGroß,LM_WerbungGroß
100693,63736025252846,Cube (1),Cube (1),LM_WerbungGroß
100693,63736025252857,Cube (1),Cube (1),LM_WerbungGroß
100710,63736025252869,Cube (1),LM_WerbungGroß,LM_WerbungGroß
100726,63736025252881,Cube (1),LM_WerbungGroß,LM_WerbungGroß
100743,63736025252891,Cube (1),LM_WerbungGroß,LM_WerbungGroß
100743,63736025252902,Cube (1),LM_WerbungGroß,LM_WerbungGroß
100760,63736025252913,Cube (1),Cube (1),LM_WerbungGroß
100776,63736025252925,9_Abfallbehälter (20),LM_WerbungGroß,LM_WerbungGroß
100776,63736025252936,LM_WerbungGroß,Cube (1),LM_WerbungGroß
100793,63736025252947,LM_WerbungGroß,Cube (1),Cube (1)
100810,63736025252959,LM_WerbungGroß,Cube (1),Cube (1)
100826,63736025252970,LM_WerbungGroß,Cube (1),Cube (1)
100826,63736025252980,Cube (1),1_Fahrstuhl,Cube (1)
100835,63736025252991,Cube (1),1_Fahrstuhl,None
100860,63736025253002,Cube (1),1_Fahrstuhl,1_Fahrstuhl
100860,63736025253013,1_Fahrstuhl,LM-Fahrstuhl-Scheiben,1_Fahrstuhl
100885,63736025253024,1_Fahrstuhl,LM-Fahrstuhl-Scheiben,1_Fahrstuhl
100893,63736025253036,LM-Fahrstuhl-Scheiben,LM-Fahrstuhl-Scheiben,LM-Fahrstuhl-Scheiben
100893,63736025253047,LM-Fahrstuhl-Scheiben,LM-Fahrstuhl-Scheiben,LM-Fahrstuhl-Scheiben
100901,63736025253057,LM-Fahrstuhl-Scheiben,235_Mesh_B_DBServicestore,235_Mesh_B_DBServicestore
100918,63736025253069,None,Blindenwege,None
100918,63736025253080,None,Bahnsteigkante,None
100935,63736025253092,None,None,None
100943,63736025253103,None,None,None
100943,63736025253112,None,None,None
100968,63736025253124,None,None,None
100976,63736025253137,None,None,None
101001,63736025253148,None,None,None
101001,63736025253158,None,None,None
101010,63736025253170,None,None,None
101026,63736025253180,None,None,None
101026,63736025253191,None,None,None
101043,63736025253203,None,None,None
101060,63736025253215,None,None,None
101060,63736025253226,None,None,None
101060,63736025253238,None,None,None
101076,63736025253250,None,None,None
101101,63736025253271,None,None,None
101126,63736025253283,None,None,None
101126,63736025253295,None,None,None
101135,63736025253314,None,None,None
101160,63736025253327,Bahnsteigkante,Bahnsteigkante,Bahnsteigkante
101160,63736025253339,Bahnsteigkante,Bahnsteigkante,Bahnsteigkante
101193,63736025253359,None,None,None
101226,63736025253371,None,Bahnsteigkante,None
101226,63736025253383,None,Bahnsteigkante,None
101251,63736025253403,None,None,None
101251,63736025253415,None,None,None
101260,63736025253428,None,None,None
101301,63736025253448,None,Bahnsteigkante,None
101301,63736025253461,None,Bahnsteigkante,None
101310,63736025253482,None,Bahnsteigkante,None
101310,63736025253493,None,None,None
101335,63736025253514,None,Bahnsteigkante,Bahnsteigkante
101335,63736025253526,None,Bahnsteigkante,Bahnsteigkante
101368,63736025253537,None,Bahnsteigkante,Bahnsteigkante
101385,63736025253549,None,Bahnsteigkante,Bahnsteigkante
101401,63736025253561,None,Bahnsteigkante,Bahnsteigkante
101401,63736025253572,None,Bahnsteigkante,Bahnsteigkante
101435,63736025253592,None,Bahnsteigkante,Bahnsteigkante
101435,63736025253604,Bahnsteigkante,Bahnsteigkante,Bahnsteigkante
101451,63736025253616,Bahnsteigkante,Bahnsteigkante,Bahnsteigkante
101468,63736025253627,Bahnsteigkante,Bahnsteigkante,Bahnsteigkante
101493,63736025253638,Bahnsteigkante,Bahnsteigkante,Bahnsteigkante
101501,63736025253659,Bahnsteigkante,DunkleFliesen,Bahnsteigkante
101518,63736025253670,Bahnsteigkante,Bahnsteigkante,Bahnsteigkante
101518,63736025253682,Bahnsteigkante,Bahnsteigkante,Bahnsteigkante
101526,63736025253694,Bahnsteigkante,DunkleFliesen,Bahnsteigkante
101535,63736025253713,Bahnsteigkante,DunkleFliesen,Bahnsteigkante
101560,63736025253726,Bahnsteigkante,DunkleFliesen,Bahnsteigkante
101593,63736025253749,None,DunkleFliesen,Bahnsteigkante
101601,63736025253761,Bahnsteigkante,DunkleFliesen,Bahnsteigkante
101618,63736025253780,None,None,None
101626,63736025253792,33_VitrinenAnWand,33_VitrinenAnWand,33_VitrinenAnWand
101659,63736025253814,33_VitrinenAnWand,33_VitrinenAnWand,33_VitrinenAnWand
101659,63736025253825,33_VitrinenAnWand,33_VitrinenAnWand,33_VitrinenAnWand
101693,63736025253846,None,33_VitrinenAnWand,None
101693,63736025253858,None,None,None
101701,63736025253870,None,None,None
101734,63736025253882,None,None,None
101743,63736025253902,None,None,None
101759,63736025253914,None,None,None
101768,63736025253926,None,None,None
101801,63736025253947,None,None,None
101818,63736025253959,None,None,None
101818,63736025253972,None,None,None
101859,63736025253991,LM-Fahrstuhl-Scheiben,HelleFliesen,HelleFliesen
101859,63736025254002,1_Fahrstuhl,HelleFliesen,HelleFliesen
101868,63736025254013,235_Mesh_B_DBServicestore,HelleFliesen,HelleFliesen
101893,63736025254024,Cube (1),HelleFliesen,Cube (1)
101893,63736025254034,Cube (1),HelleFliesen,Cube (1)
101901,63736025254046,Cube (1),DunkleFliesen,DunkleFliesen
101918,63736025254056,None,None,None
101918,63736025254067,None,None,None
101934,63736025254078,None,None,None
101943,63736025254090,None,None,None
101951,63736025254100,None,None,None
101951,63736025254111,None,None,None
101959,63736025254123,None,None,None
101993,63736025254134,None,None,None
101993,63736025254144,None,None,None
101993,63736025254156,None,None,None
102001,63736025254168,None,None,None
102001,63736025254179,None,None,None
102034,63736025254190,None,None,None
102051,63736025254201,None,None,None
102051,63736025254213,None,None,None
102051,63736025254226,None,None,None
102068,63736025254239,None,None,None
102068,63736025254257,None,None,None
102101,63736025254268,None,None,None
102134,63736025254278,None,None,None
102134,63736025254289,None,None,None
102143,63736025254301,41_Liniennetzplan,None,None
102151,63736025254313,None,None,None
102168,63736025254324,None,None,None
102168,63736025254334,None,None,None
102193,63736025254346,None,None,None
102193,63736025254356,None,None,None
102193,63736025254367,None,None,None
102226,63736025254378,None,None,None
102243,63736025254389,None,None,None
102243,63736025254402,None,None,None
102251,63736025254412,None,None,None
102276,63736025254423,None,None,None
102276,63736025254433,None,None,None
102293,63736025254444,None,Cube (1),None
102301,63736025254456,None,Cube (1),Cube (1)
102318,63736025254466,None,Cube (1),Cube (1)
102318,63736025254477,None,Cube (1),Cube (1)
102334,63736025254488,Cube (1),Cube (1),Cube (1)
102351,63736025254500,Cube (1),Cube (1),Cube (1)
102351,63736025254511,Cube (1),Cube (1),Cube (1)
102359,63736025254524,Cube (1),Cube (1),Cube (1)
102376,63736025254535,Cube (1),Cube (1),Cube (1)
102401,63736025254546,Cube (1),Cube (1),Cube (1)
102401,63736025254556,Cube (1),Cube (1),Cube (1)
102409,63736025254567,Cube (1),Cube (1),Cube (1)
102434,63736025254578,Cube (1),Cube (1),Cube (1)
102434,63736025254590,Cube (1),Cube (1),Cube (1)
102443,63736025254601,Cube (1),Cube (1),Cube (1)
102443,63736025254612,Cube (1),Cube (1),Cube (1)
102443,63736025254623,Cube (1),Cube (1),Cube (1)
102468,63736025254634,Cube (1),Cube (1),Cube (1)
102484,63736025254645,Cube (1),Cube (1),Cube (1)
102501,63736025254657,Cube (1),Cube (1),Cube (1)
102501,63736025254667,Cube (1),Cube (1),Cube (1)
102526,63736025254679,Cube (1),Cube (1),Cube (1)
102534,63736025254691,Cube (1),Cube (1),Cube (1)
102551,63736025254703,Cube (1),6_DigitaleS-BahnAnzeige,Cube (1)
102551,63736025254713,Cube (1),6_DigitaleS-BahnAnzeige,Cube (1)
102568,63736025254724,Cube (1),6_DigitaleS-BahnAnzeige,Cube (1)
102593,63736025254736,Cube (1),Cube (1),Cube (1)
102593,63736025254747,Cube (1),Cube (1),Cube (1)
102601,63736025254757,Cube (1),Cube (1),Cube (1)
102626,63736025254768,Cube (1),Cube (1),Cube (1)
102626,63736025254779,Cube (1),Cube (1),Cube (1)
102634,63736025254792,Cube (1),Cube (1),Cube (1)
102651,63736025254802,Cube (1),Cube (1),Cube (1)
102651,63736025254813,Cube (1),Cube (1),Cube (1)
102668,63736025254824,Cube (1),Cube (1),Cube (1)
102693,63736025254835,Cube (1),Cube (1),Cube (1)
102701,63736025254847,Cube (1),Cube (1),Cube (1)
102701,63736025254859,Cube (1),Cube (1),Cube (1)
102709,63736025254869,Cube (1),Cube (1),Cube (1)
102734,63736025254879,None,None,None
102734,63736025254890,Cube (1),Cube (1),Cube (1)
102743,63736025254901,Cube (1),Cube (1),Cube (1)
102743,63736025254911,Cube (1),Cube (1),Cube (1)
102743,63736025254923,Cube (1),Cube (1),Cube (1)
102768,63736025254934,Cube (1),Cube (1),Cube (1)
102801,63736025254945,273|Mesh|C|GleisabschnittA.001,Cube (1),Cube (1)
102801,63736025254956,273|Mesh|C|GleisabschnittA.001,Cube (1),Cube (1)
102818,63736025254967,273|Mesh|C|GleisabschnittA.001,Cube (1),Cube (1)
102834,63736025254978,273|Mesh|C|GleisabschnittA.001,Cube (1),273|Mesh|C|GleisabschnittA.001
102843,63736025254991,Cube (1),Cube (1),Cube (1)
102843,63736025255003,Cube (1),Cube (1),Cube (1)
102851,63736025255015,Cube (1),Cube (1),Cube (1)
102876,63736025255024,Cube (1),Cube (1),Cube (1)
102876,63736025255033,Cube (1),Cube (1),Cube (1)
102893,63736025255045,Cube (1),Cube (1),Cube (1)
102909,63736025255056,Cube (1),Cube (1),Cube (1)
102909,63736025255068,Cube (1),Cube (1),Cube (1)
102926,63736025255078,Cube (1),Cube (1),Cube (1)
102934,63736025255091,Cube (1),Cube (1),Cube (1)
102959,63736025255101,Cube (1),Cube (1),Cube (1)
102959,63736025255111,Cube (1),Cube (1),Cube (1)
102968,63736025255124,Cube (1),Cube (1),Cube (1)
102976,63736025255134,Cube (1),Cube (1),Cube (1)
102976,63736025255146,Cube (1),Cube (1),Cube (1)
103001,63736025255157,Cube (1),Cube (1),Cube (1)
103018,63736025255168,Cube (1),Cube (1),Cube (1)
103026,63736025255180,Cube (1),Cube (1),Cube (1)
103026,63736025255191,Cube (1),Cube (1),Cube (1)
103051,63736025255201,Cube (1),Cube (1),Cube (1)
103051,63736025255212,Cube (1),Cube (1),Cube (1)
103068,63736025255224,Cube (1),Cube (1),Cube (1)
103084,63736025255234,Cube (1),Cube (1),Cube (1)
103101,63736025255245,Cube (1),Cube (1),Cube (1)
103101,63736025255256,Cube (1),Cube (1),Cube (1)
103118,63736025255267,Cube (1),Cube (1),Cube (1)
103134,63736025255278,Cube (1),Cube (1),Cube (1)
103134,63736025255289,Cube (1),Cube (1),Cube (1)
103151,63736025255301,Cube (1),Cube (1),Cube (1)
103168,63736025255312,Cube (1),Cube (1),Cube (1)
103184,63736025255324,Cube (1),Cube (1),Cube (1)
103184,63736025255333,Cube (1),Cube (1),Cube (1)
103201,63736025255345,Cube (1),Cube (1),Cube (1)
103217,63736025255356,Cube (1),Cube (1),Cube (1)
103217,63736025255366,Cube (1),Cube (1),Cube (1)
103234,63736025255379,Cube (1),Cube (1),Cube (1)
103251,63736025255388,Cube (1),Cube (1),Cube (1)
103251,63736025255401,Cube (1),Cube (1),Cube (1)
103267,63736025255411,Cube (1),Cube (1),Cube (1)
103284,63736025255422,Cube (1),Cube (1),Cube (1)
103301,63736025255436,Cube (1),Cube (1),Cube (1)
103301,63736025255445,Cube (1),Cube (1),Cube (1)
103317,63736025255456,Cube (1),Cube (1),Cube (1)
103334,63736025255468,Cube (1),Cube (1),Cube (1)
103334,63736025255479,Cube (1),Cube (1),Cube (1)
103342,63736025255489,Cube (1),Cube (1),Cube (1)
103376,63736025255500,Cube (1),Cube (1),Cube (1)
103376,63736025255511,Cube (1),Cube (1),Cube (1)
103384,63736025255522,Cube (1),Cube (1),Cube (1)
103401,63736025255533,Cube (1),Cube (1),Cube (1)
103409,63736025255544,None,None,None
103409,63736025255556,Cube (1),LM_WerbungGroß,Cube (1)
103426,63736025255567,Cube (1),Cube (1),Cube (1)
103442,63736025255578,LM_WerbungGroß,Cube (1),LM_WerbungGroß
103442,63736025255589,LM_WerbungGroß,Cube (1),LM_WerbungGroß
103459,63736025255600,Cube (1),Cube (1),Cube (1)
103476,63736025255612,Cube (1),LM_WerbungGroß,Cube (1)
103492,63736025255624,Cube (1),Cube (1),9_Abfallbehälter (20)
103492,63736025255636,Cube (1),Cube (1),9_Abfallbehälter (20)
103501,63736025255646,Cube (1),Cube (1),LM_WerbungGroß
103517,63736025255655,Cube (1),LM_WerbungGroß,LM_WerbungGroß
103517,63736025255666,Cube (1),LM_WerbungGroß,LM_WerbungGroß
103534,63736025255678,Cube (1),LM_WerbungGroß,LM_WerbungGroß
103551,63736025255688,Cube (1),LM_WerbungGroß,LM_WerbungGroß
103551,63736025255700,Cube (1),Cube (1),LM_WerbungGroß
103567,63736025255711,Cube (1),Cube (1),LM_WerbungGroß
103584,63736025255722,Cube (1),Cube (1),LM_WerbungGroß
103584,63736025255733,Cube (1),Cube (1),LM_WerbungGroß
103601,63736025255744,Cube (1),LM_WerbungGroß,Cube (1)
103617,63736025255756,Cube (1),Cube (1),LM_WerbungGroß
103634,63736025255767,Cube (1),Cube (1),LM_WerbungGroß
103634,63736025255779,Cube (1),Cube (1),LM_WerbungGroß
103651,63736025255792,Cube (1),Cube (1),LM_WerbungGroß
103667,63736025255802,Cube (1),Cube (1),LM_WerbungGroß
103667,63736025255811,Cube (1),Cube (1),LM_WerbungGroß
103676,63736025255823,Cube (1),Cube (1),LM_WerbungGroß
103701,63736025255833,Cube (1),Cube (1),LM_WerbungGroß
103701,63736025255844,Cube (1),Cube (1),LM_WerbungGroß
103709,63736025255856,Cube (1),LM_WerbungGroß,Cube (1)
103726,63736025255866,9_Abfallbehälter (19),9_Abfallbehälter (19),9_Abfallbehälter (19)
103742,63736025255878,Cube (1),Cube (1),Cube (1)
103742,63736025255888,Cube (1),Cube (1),Cube (1)
103759,63736025255900,Cube (1),5_Bank (20),Cube (1)
103776,63736025255912,Cube (1),9_Abfallbehälter (19),None
103776,63736025255922,Cube (1),9_Abfallbehälter (19),None
103784,63736025255933,Cube (1),5_Bank (17),None
103809,63736025255944,None,5_Bank (17),5_Bank (20)
103817,63736025255955,None,5_Bank (17),5_Bank (20)
103817,63736025255967,None,5_Bank (17),5_Bank (20)
103834,63736025255977,None,5_Bank (17),5_Bank (20)
103851,63736025255989,Cube (1),5_Bank (20),None
103851,63736025255999,Cube (1),5_Bank (20),Cube (1)
103859,63736025256011,Cube (1),5_Bank (20),Cube (1)
103876,63736025256022,Cube (1),5_Bank (20),Cube (1)
103876,63736025256033,Cube (1),5_Bank (20),Cube (1)
103892,63736025256044,Cube (1),5_Bank (20),Cube (1)
103909,63736025256056,Cube (1),5_Bank (20),Cube (1)
103909,63736025256066,Cube (1),5_Bank (20),Cube (1)
103926,63736025256078,Cube (1),Cube (1),Cube (1)
103942,63736025256090,Cube (1),Cube (1),Cube (1)
103959,63736025256101,Cube (1),Cube (1),Cube (1)
103959,63736025256111,Cube (1),Cube (1),Cube (1)
103976,63736025256123,Cube (1),5_Bank (20),Cube (1)
103992,63736025256132,5_Bank (18),5_Bank (18),5_Bank (18)
103992,63736025256144,5_Bank (18),5_Bank (18),5_Bank (18)
103992,63736025256155,5_Bank (18),5_Bank (18),5_Bank (18)
104009,63736025256166,HelleFliesen,5_Bank (21),5_Bank (18)
104009,63736025256177,HelleFliesen,HelleFliesen,5_Bank (18)
104026,63736025256188,HelleFliesen,HelleFliesen,HelleFliesen
104051,63736025256200,HelleFliesen,HelleFliesen,HelleFliesen
104059,63736025256210,HelleFliesen,HelleFliesen,HelleFliesen
104059,63736025256222,HelleFliesen,HelleFliesen,HelleFliesen
104076,63736025256233,HelleFliesen,HelleFliesen,HelleFliesen
104101,63736025256246,HelleFliesen,HelleFliesen,5_Bank (18)
104109,63736025256257,HelleFliesen,HelleFliesen,HelleFliesen
104109,63736025256266,HelleFliesen,HelleFliesen,HelleFliesen
104134,63736025256277,HelleFliesen,HelleFliesen,HelleFliesen
104142,63736025256288,HelleFliesen,HelleFliesen,HelleFliesen
104142,63736025256299,HelleFliesen,HelleFliesen,HelleFliesen
104151,63736025256311,Cube (1),Cube (1),Cube (1)
104176,63736025256322,Cube (1),Cube (1),Cube (1)
104176,63736025256332,Cube (1),Cube (1),Cube (1)
104184,63736025256344,273|Mesh|C|GleisabschnittA.001,273|Mesh|C|GleisabschnittA.001,273|Mesh|C|GleisabschnittA.001
104201,63736025256355,273|Mesh|C|GleisabschnittA.001,273|Mesh|C|GleisabschnittA.001,273|Mesh|C|GleisabschnittA.001
104201,63736025256366,273|Mesh|C|GleisabschnittA.001,273|Mesh|C|GleisabschnittA.001,273|Mesh|C|GleisabschnittA.001
104209,63736025256377,273|Mesh|C|GleisabschnittA.001,273|Mesh|C|GleisabschnittA.001,273|Mesh|C|GleisabschnittA.001
104226,63736025256389,273|Mesh|C|GleisabschnittA.001,273|Mesh|C|GleisabschnittA.001,273|Mesh|C|GleisabschnittA.001
104251,63736025256402,Cube (1),Cube (1),Cube (1)
104251,63736025256413,Cube (1),Cube (1),Cube (1)
104267,63736025256423,Cube (1),Cube (1),Cube (1)
104292,63736025256433,Cube (1),Cube (1),Cube (1)
104292,63736025256443,Cube (1),Cube (1),Cube (1)
104301,63736025256455,Cube (1),Cube (1),Cube (1)
104326,63736025256467,Cube (1),Cube (1),Cube (1)
104326,63736025256476,Cube (1),Cube (1),Cube (1)
104334,63736025256488,Cube (1),Cube (1),Cube (1)
104342,63736025256500,Cube (1),Cube (1),Cube (1)
104342,63736025256510,Cube (1),Cube (1),Cube (1)
104342,63736025256521,Cube (1),Cube (1),Cube (1)
104367,63736025256533,Cube (1),Cube (1),Cube (1)
104367,63736025256544,Cube (1),Cube (1),Cube (1)
104367,63736025256556,Cube (1),Cube (1),Cube (1)
104401,63736025256568,Cube (1),Cube (1),Cube (1)
104409,63736025256577,Cube (1),Cube (1),Cube (1)
104409,63736025256587,Cube (1),Cube (1),Cube (1)
104442,63736025256599,Cube (1),273|Mesh|C|GleisabschnittA.001,273|Mesh|C|GleisabschnittA.001
104442,63736025256610,Cube (1),273|Mesh|C|GleisabschnittA.001,273|Mesh|C|GleisabschnittA.001
104442,63736025256621,Cube (1),273|Mesh|C|GleisabschnittA.001,273|Mesh|C|GleisabschnittA.001
104442,63736025256632,Cube (1),273|Mesh|C|GleisabschnittA.001,273|Mesh|C|GleisabschnittA.001
104459,63736025256643,273|Mesh|C|GleisabschnittA.001,273|Mesh|C|GleisabschnittA.001,273|Mesh|C|GleisabschnittA.001
104509,63736025256654,273|Mesh|C|GleisabschnittA.001,273|Mesh|C|GleisabschnittA.001,273|Mesh|C|GleisabschnittA.001
104509,63736025256665,273|Mesh|C|GleisabschnittA.001,273|Mesh|C|GleisabschnittA.001,273|Mesh|C|GleisabschnittA.001
104517,63736025256676,273|Mesh|C|GleisabschnittA.001,273|Mesh|C|GleisabschnittA.001,273|Mesh|C|GleisabschnittA.001
104542,63736025256687,273|Mesh|C|GleisabschnittA.001,273|Mesh|C|GleisabschnittA.001,273|Mesh|C|GleisabschnittA.001
104542,63736025256699,273|Mesh|C|GleisabschnittA.001,273|Mesh|C|GleisabschnittA.001,273|Mesh|C|GleisabschnittA.001
104551,63736025256710,273|Mesh|C|GleisabschnittA.001,273|Mesh|C|GleisabschnittA.001,273|Mesh|C|GleisabschnittA.001
104576,63736025256722,Cube (1),Cube (1),Cube (1)
104576,63736025256732,Cube (1),Cube (1),Cube (1)
104584,63736025256743,6_DigitaleS-BahnAnzeige,6_DigitaleS-BahnAnzeige,6_DigitaleS-BahnAnzeige
104609,63736025256754,6_DigitaleS-BahnAnzeige,Cube (1),Cube (1)
104617,63736025256765,6_DigitaleS-BahnAnzeige,6_DigitaleS-BahnAnzeige,6_DigitaleS-BahnAnzeige
104617,63736025256777,6_DigitaleS-BahnAnzeige,6_DigitaleS-BahnAnzeige,6_DigitaleS-BahnAnzeige
104642,63736025256789,Cube (1),6_DigitaleS-BahnAnzeige,6_DigitaleS-BahnAnzeige
104659,63736025256800,6_DigitaleS-BahnAnzeige,6_DigitaleS-BahnAnzeige,6_DigitaleS-BahnAnzeige
104659,63736025256812,6_DigitaleS-BahnAnzeige,6_DigitaleS-BahnAnzeige,6_DigitaleS-BahnAnzeige
104676,63736025256822,6_DigitaleS-BahnAnzeige,6_DigitaleS-BahnAnzeige,6_DigitaleS-BahnAnzeige
104692,63736025256833,6_DigitaleS-BahnAnzeige,6_DigitaleS-BahnAnzeige,6_DigitaleS-BahnAnzeige
104692,63736025256844,6_DigitaleS-BahnAnzeige,6_DigitaleS-BahnAnzeige,6_DigitaleS-BahnAnzeige
104709,63736025256855,6_DigitaleS-BahnAnzeige,6_DigitaleS-BahnAnzeige,6_DigitaleS-BahnAnzeige
104725,63736025256868,6_DigitaleS-BahnAnzeige,6_DigitaleS-BahnAnzeige,6_DigitaleS-BahnAnzeige
104742,63736025256879,6_DigitaleS-BahnAnzeige,6_DigitaleS-BahnAnzeige,6_DigitaleS-BahnAnzeige
104742,63736025256888,6_DigitaleS-BahnAnzeige,6_DigitaleS-BahnAnzeige,6_DigitaleS-BahnAnzeige
104759,63736025256899,6_DigitaleS-BahnAnzeige,Cube (1),6_DigitaleS-BahnAnzeige
104775,63736025256910,6_DigitaleS-BahnAnzeige,Cube (1),6_DigitaleS-BahnAnzeige
104775,63736025256922,6_DigitaleS-BahnAnzeige,Cube (1),6_DigitaleS-BahnAnzeige
104792,63736025256932,6_DigitaleS-BahnAnzeige,Cube (1),6_DigitaleS-BahnAnzeige
104809,63736025256944,6_DigitaleS-BahnAnzeige,Cube (1),6_DigitaleS-BahnAnzeige
104809,63736025256955,6_DigitaleS-BahnAnzeige,Cube (1),6_DigitaleS-BahnAnzeige
104817,63736025256966,6_DigitaleS-BahnAnzeige,Cube (1),6_DigitaleS-BahnAnzeige
104834,63736025256978,6_DigitaleS-BahnAnzeige,Cube (1),6_DigitaleS-BahnAnzeige
104842,63736025256989,6_DigitaleS-BahnAnzeige,Cube (1),6_DigitaleS-BahnAnzeige
104842,63736025256999,6_DigitaleS-BahnAnzeige,Cube (1),6_DigitaleS-BahnAnzeige
104859,63736025257011,6_DigitaleS-BahnAnzeige,Cube (1),6_DigitaleS-BahnAnzeige
104867,63736025257023,6_DigitaleS-BahnAnzeige,Cube (1),6_DigitaleS-BahnAnzeige
104867,63736025257034,6_DigitaleS-BahnAnzeige,Cube (1),6_DigitaleS-BahnAnzeige
104884,63736025257044,6_DigitaleS-BahnAnzeige,Cube (1),Cube (1)
104900,63736025257055,6_DigitaleS-BahnAnzeige,Cube (1),Cube (1)
104900,63736025257066,6_DigitaleS-BahnAnzeige,Cube (1),Cube (1)
104917,63736025257076,6_DigitaleS-BahnAnzeige,Cube (1),Cube (1)
104934,63736025257089,Cube (1),Cube (1),Cube (1)
104950,63736025257099,1_Fahrstuhl,5_Bank (16),1_Fahrstuhl
104950,63736025257110,1_Fahrstuhl,1_Fahrstuhl,1_Fahrstuhl
104967,63736025257122,LM-Fahrstuhl-Scheiben,1_Fahrstuhl,LM-Fahrstuhl-Scheiben
104992,63736025257132,9_Abfallbehälter (18),None,9_Abfallbehälter (18)
104992,63736025257144,9_Abfallbehälter (18),None,9_Abfallbehälter (18)
105000,63736025257155,9_Abfallbehälter (18),None,None
105017,63736025257166,None,None,None
105034,63736025257180,None,None,None
105034,63736025257191,None,None,None
105050,63736025257200,None,1_Fahrstuhl,1_Fahrstuhl
105067,63736025257211,None,None,None
105067,63736025257222,1_Fahrstuhl,1_Fahrstuhl,1_Fahrstuhl
105084,63736025257232,1_Fahrstuhl,1_Fahrstuhl,1_Fahrstuhl
105100,63736025257243,1_Fahrstuhl,1_Fahrstuhl,1_Fahrstuhl
105100,63736025257255,1_Fahrstuhl,None,1_Fahrstuhl
105117,63736025257265,1_Fahrstuhl,1_Fahrstuhl,1_Fahrstuhl
105134,63736025257276,1_Fahrstuhl,1_Fahrstuhl,1_Fahrstuhl
105134,63736025257287,1_Fahrstuhl,1_Fahrstuhl,1_Fahrstuhl
105150,63736025257299,1_Fahrstuhl,None,1_Fahrstuhl
105167,63736025257309,1_Fahrstuhl,None,1_Fahrstuhl
105167,63736025257321,1_Fahrstuhl,None,1_Fahrstuhl
105175,63736025257333,1_Fahrstuhl,None,1_Fahrstuhl
105200,63736025257345,1_Fahrstuhl,None,1_Fahrstuhl
105217,63736025257354,1_Fahrstuhl,1_Fahrstuhl,1_Fahrstuhl
105217,63736025257366,1_Fahrstuhl,None,1_Fahrstuhl
105234,63736025257377,LM-Fahrstuhl-Scheiben,1_Fahrstuhl,1_Fahrstuhl
105250,63736025257387,5_Bank (17),5_Bank (17),HelleFliesen
105250,63736025257399,5_Bank (17),5_Bank (17),HelleFliesen
105267,63736025257410,HelleFliesen,5_Bank (17),DunkleFliesen
105275,63736025257421,HelleFliesen,HelleFliesen,HelleFliesen
105275,63736025257433,HelleFliesen,HelleFliesen,HelleFliesen
105284,63736025257444,HelleFliesen,5_Bank (17),HelleFliesen
105300,63736025257456,HelleFliesen,5_Bank (17),5_Bank (17)
105300,63736025257467,HelleFliesen,5_Bank (17),5_Bank (17)
105317,63736025257478,HelleFliesen,5_Bank (17),5_Bank (17)
105325,63736025257490,DunkleFliesen,5_Bank (17),5_Bank (17)
105359,63736025257502,HelleFliesen,HelleFliesen,5_Bank (18)
105359,63736025257512,HelleFliesen,HelleFliesen,5_Bank (18)
105367,63736025257522,DunkleFliesen,HelleFliesen,5_Bank (18)
105392,63736025257533,DunkleFliesen,5_Bank (17),5_Bank (17)
105392,63736025257544,DunkleFliesen,5_Bank (17),5_Bank (17)
105400,63736025257555,Cube (1),5_Bank (17),5_Bank (18)
105409,63736025257567,HelleFliesen,5_Bank (17),5_Bank (17)
105409,63736025257578,5_Bank (17),5_Bank (17),HelleFliesen
105434,63736025257589,5_Bank (17),5_Bank (17),HelleFliesen
105442,63736025257601,5_Bank (17),5_Bank (17),5_Bank (17)
105467,63736025257612,5_Bank (17),HelleFliesen,HelleFliesen
105467,63736025257623,5_Bank (17),HelleFliesen,HelleFliesen
105475,63736025257634,5_Bank (17),HelleFliesen,HelleFliesen
105500,63736025257646,5_Bank (17),5_Bank (17),HelleFliesen
105509,63736025257659,HelleFliesen,HelleFliesen,HelleFliesen
105509,63736025257668,HelleFliesen,HelleFliesen,HelleFliesen
105525,63736025257677,HelleFliesen,HelleFliesen,HelleFliesen
105542,63736025257690,LM-Fahrstuhl-Scheiben,1_Fahrstuhl,1_Fahrstuhl
105542,63736025257699,LM-Fahrstuhl-Scheiben,1_Fahrstuhl,LM-Fahrstuhl-Scheiben
105550,63736025257711,None,1_Fahrstuhl,None
105575,63736025257722,None,15_Werbetafel 1 (3),15_Werbetafel 1 (3)
105575,63736025257733,None,15_Werbetafel 1 (3),None
105592,63736025257744,15_Werbetafel 1 (3),15_Werbetafel 1 (3),15_Werbetafel 1 (3)
105609,63736025257756,15_Werbetafel 1 (3),None,None
105609,63736025257766,None,None,None
105625,63736025257777,15_Werbetafel 1 (3),None,15_Werbetafel 1 (3)
105634,63736025257789,15_Werbetafel 1 (3),None,15_Werbetafel 1 (3)
105634,63736025257799,None,None,None
105659,63736025257811,None,None,None
105667,63736025257823,15_Werbetafel 1 (3),None,None
105667,63736025257833,None,None,None
105667,63736025257846,None,None,None
105692,63736025257855,15_Werbetafel 1 (3),15_Werbetafel 1 (3),15_Werbetafel 1 (3)
105717,63736025257866,LM_Werbetafel_Display,LM_Werbetafel_Display,LM_Werbetafel_Display
105717,63736025257878,LM_Werbetafel_Display,LM_Werbetafel_Display,LM_Werbetafel_Display
105725,63736025257889,LM_Werbetafel_Display,LM_Werbetafel_Display,LM_Werbetafel_Display
105734,63736025257900,LM_Werbetafel_Display,LM_Werbetafel_Display,LM_Werbetafel_Display
105734,63736025257911,LM_Werbetafel_Display,LM_Werbetafel_Display,LM_Werbetafel_Display
105767,63736025257922,LM_Werbetafel_Display,15_Werbetafel 1 (3),LM_Werbetafel_Display
105775,63736025257933,LM_Werbetafel_Display,LM_Werbetafel_Display,LM_Werbetafel_Display
105775,63736025257944,LM_Werbetafel_Display,15_Werbetafel 1 (3),LM_Werbetafel_Display
105775,63736025257957,LM_Werbetafel_Display,15_Werbetafel 1 (3),LM_Werbetafel_Display
105800,63736025257969,LM_Werbetafel_Display,LM_Werbetafel_Display,LM_Werbetafel_Display
105825,63736025257978,LM_Werbetafel_Display,LM_Werbetafel_Display,LM_Werbetafel_Display
105825,63736025257989,LM_Werbetafel_Display,LM_Werbetafel_Display,LM_Werbetafel_Display
105834,63736025258000,15_Werbetafel 1 (3),LM_Werbetafel_Display,LM_Werbetafel_Display
105850,63736025258010,LM_Werbetafel_Display,LM_Werbetafel_Display,LM_Werbetafel_Display
105867,63736025258022,None,None,None
105867,63736025258033,None,None,None
105892,63736025258044,None,None,None
105909,63736025258055,None,None,None
105909,63736025258066,None,None,None
105925,63736025258077,None,None,None
105950,63736025258089,None,None,None
105950,63736025258100,None,None,None
105959,63736025258111,None,None,None
105975,63736025258123,LM-Fahrstuhl-Scheiben,1_Fahrstuhl,LM-Fahrstuhl-Scheiben
105975,63736025258132,LM-Fahrstuhl-Scheiben,1_Fahrstuhl,LM-Fahrstuhl-Scheiben
105992,63736025258143,LM-Fahrstuhl-Scheiben,1_Fahrstuhl,LM-Fahrstuhl-Scheiben
106000,63736025258154,LM-Fahrstuhl-Scheiben,LM-Fahrstuhl-Scheiben,LM-Fahrstuhl-Scheiben
106025,63736025258166,LM-Fahrstuhl-Scheiben,LM-Fahrstuhl-Scheiben,LM-Fahrstuhl-Scheiben
106025,63736025258176,LM-Fahrstuhl-Scheiben,LM-Fahrstuhl-Scheiben,LM-Fahrstuhl-Scheiben
106034,63736025258188,LM-Fahrstuhl-Scheiben,LM-Fahrstuhl-Scheiben,LM-Fahrstuhl-Scheiben
106059,63736025258199,LM-Fahrstuhl-Scheiben,1_Fahrstuhl,LM-Fahrstuhl-Scheiben
106059,63736025258210,LM-Fahrstuhl-Scheiben,1_Fahrstuhl,LM-Fahrstuhl-Scheiben
106084,63736025258222,LM-Fahrstuhl-Scheiben,LM-Fahrstuhl-Scheiben,LM-Fahrstuhl-Scheiben
106092,63736025258232,1_Fahrstuhl,5_Bank (16),1_Fahrstuhl
106092,63736025258243,5_Bank (16),5_Bank (17),5_Bank (16)
106100,63736025258255,5_Bank (17),5_Bank (20),5_Bank (17)
106117,63736025258267,Cube (1),HelleFliesen,Cube (1)
106134,63736025258278,Cube (1),Cube (1),Cube (1)
106134,63736025258288,Cube (1),Cube (1),Cube (1)
106142,63736025258300,Cube (1),None,Cube (1)
106167,63736025258310,None,HelleFliesen,None
106167,63736025258321,None,HelleFliesen,None
106175,63736025258332,None,HelleFliesen,HelleFliesen
106192,63736025258343,None,HelleFliesen,None
106192,63736025258355,41_Liniennetzplan,HelleFliesen,41_Liniennetzplan
106209,63736025258365,None,HelleFliesen,None
106225,63736025258377,None,None,None
106225,63736025258387,None,None,None
106242,63736025258399,None,None,None
106258,63736025258411,None,None,None
106267,63736025258422,None,None,None
106267,63736025258432,None,None,None
106283,63736025258443,None,None,None
106283,63736025258455,None,None,None
106283,63736025258465,None,None,None
106308,63736025258477,None,None,None
106342,63736025258488,None,None,None
106342,63736025258498,None,None,None
106358,63736025258509,None,None,None
106375,63736025258521,None,None,None
106375,63736025258532,None,None,None
106392,63736025258543,None,None,None
106392,63736025258553,None,None,None
106408,63736025258565,None,None,None
106408,63736025258575,None,None,None
106433,63736025258587,273|Mesh|C|GleisabschnittA.001,273|Mesh|C|GleisabschnittA.001,273|Mesh|C|GleisabschnittA.001
106433,63736025258598,273|Mesh|C|GleisabschnittA.001,273|Mesh|C|GleisabschnittA.001,273|Mesh|C|GleisabschnittA.001
106433,63736025258609,273|Mesh|C|GleisabschnittA.001,273|Mesh|C|GleisabschnittA.001,273|Mesh|C|GleisabschnittA.001
106458,63736025258620,273|Mesh|C|GleisabschnittA.001,None,273|Mesh|C|GleisabschnittA.001
106483,63736025258632,273|Mesh|C|GleisabschnittA.001,273|Mesh|C|GleisabschnittA.001,273|Mesh|C|GleisabschnittA.001
106483,63736025258642,273|Mesh|C|GleisabschnittA.001,273|Mesh|C|GleisabschnittA.001,273|Mesh|C|GleisabschnittA.001
106500,63736025258654,273|Mesh|C|GleisabschnittA.001,273|Mesh|C|GleisabschnittA.001,273|Mesh|C|GleisabschnittA.001
106508,63736025258666,273|Mesh|C|GleisabschnittA.001,273|Mesh|C|GleisabschnittA.001,273|Mesh|C|GleisabschnittA.001
106508,63736025258677,273|Mesh|C|GleisabschnittA.001,273|Mesh|C|GleisabschnittA.001,273|Mesh|C|GleisabschnittA.001
106525,63736025258688,273|Mesh|C|GleisabschnittA.001,273|Mesh|C|GleisabschnittA.001,273|Mesh|C|GleisabschnittA.001
106542,63736025258707,273|Mesh|C|GleisabschnittA.001,273|Mesh|C|GleisabschnittA.001,273|Mesh|C|GleisabschnittA.001
106558,63736025258720,273|Mesh|C|GleisabschnittA.001,273|Mesh|C|GleisabschnittA.001,273|Mesh|C|GleisabschnittA.001
106567,63736025258731,273|Mesh|C|GleisabschnittA.001,273|Mesh|C|GleisabschnittA.001,273|Mesh|C|GleisabschnittA.001
106600,63736025258741,6_DigitaleS-BahnAnzeige,Cube (1),6_DigitaleS-BahnAnzeige
106600,63736025258753,6_DigitaleS-BahnAnzeige,Cube (1),6_DigitaleS-BahnAnzeige
106600,63736025258763,6_DigitaleS-BahnAnzeige,Cube (1),6_DigitaleS-BahnAnzeige
106617,63736025258775,Cube (1),6_DigitaleS-BahnAnzeige,Cube (1)
106642,63736025258787,Cube (1),6_DigitaleS-BahnAnzeige,6_DigitaleS-BahnAnzeige
106642,63736025258797,Cube (1),6_DigitaleS-BahnAnzeige,6_DigitaleS-BahnAnzeige
106658,63736025258808,6_DigitaleS-BahnAnzeige,6_DigitaleS-BahnAnzeige,6_DigitaleS-BahnAnzeige
106667,63736025258820,Cube (1),6_DigitaleS-BahnAnzeige,6_DigitaleS-BahnAnzeige
106667,63736025258830,Cube (1),6_DigitaleS-BahnAnzeige,6_DigitaleS-BahnAnzeige
106675,63736025258842,Cube (1),6_DigitaleS-BahnAnzeige,6_DigitaleS-BahnAnzeige
106700,63736025258853,6_DigitaleS-BahnAnzeige,6_DigitaleS-BahnAnzeige,6_DigitaleS-BahnAnzeige
106700,63736025258863,6_DigitaleS-BahnAnzeige,6_DigitaleS-BahnAnzeige,6_DigitaleS-BahnAnzeige
106708,63736025258875,Cube (1),6_DigitaleS-BahnAnzeige,6_DigitaleS-BahnAnzeige
106725,63736025258887,Cube (1),6_DigitaleS-BahnAnzeige,Cube (1)
106725,63736025258897,Cube (1),6_DigitaleS-BahnAnzeige,Cube (1)
106750,63736025258908,Cube (1),Cube (1),Cube (1)
106758,63736025258920,Cube (1),Cube (1),Cube (1)
106792,63736025258930,6_DigitaleS-BahnAnzeige,Cube (1),Cube (1)
106792,63736025258942,6_DigitaleS-BahnAnzeige,Cube (1),Cube (1)
106800,63736025258953,Cube (1),Cube (1),Cube (1)
106808,63736025258964,Cube (1),Cube (1),Cube (1)
106808,63736025258976,Cube (1),Cube (1),Cube (1)
106833,63736025258986,Cube (1),Cube (1),Cube (1)
106842,63736025258998,Cube (1),Cube (1),Cube (1)
106842,63736025259008,Cube (1),Cube (1),Cube (1)
106842,63736025259019,Cube (1),Cube (1),Cube (1)
106867,63736025259031,Cube (1),Cube (1),Cube (1)
106900,63736025259041,Cube (1),Cube (1),Cube (1)
106900,63736025259052,Cube (1),Cube (1),Cube (1)
106908,63736025259064,Cube (1),Cube (1),Cube (1)
106933,63736025259074,Cube (1),Cube (1),Cube (1)
106933,63736025259086,Cube (1),Cube (1),Cube (1)
106942,63736025259097,Cube (1),Cube (1),Cube (1)
106950,63736025259108,Cube (1),Cube (1),Cube (1)
106950,63736025259119,Cube (1),Cube (1),Cube (1)
106975,63736025259130,Cube (1),Cube (1),Cube (1)
106992,63736025259141,Cube (1),Cube (1),Cube (1)
107008,63736025259152,Cube (1),Cube (1),Cube (1)
107008,63736025259164,Cube (1),Cube (1),Cube (1)
107025,63736025259175,Cube (1),6_DigitaleS-BahnAnzeige,Cube (1)
107033,63736025259187,Cube (1),Cube (1),Cube (1)
107033,63736025259198,Cube (1),Cube (1),Cube (1)
107058,63736025259210,Cube (1),6_DigitaleS-BahnAnzeige,Cube (1)
107067,63736025259222,Cube (1),Cube (1),Cube (1)
107083,63736025259234,Cube (1),Cube (1),Cube (1)
107083,63736025259244,Cube (1),Cube (1),Cube (1)
107100,63736025259255,Cube (1),Cube (1),Cube (1)
107117,63736025259266,Cube (1),Cube (1),Cube (1)
107117,63736025259278,Cube (1),Cube (1),Cube (1)
107125,63736025259289,None,None,None
107150,63736025259300,None,273|Mesh|C|GleisabschnittA.001,None
107183,63736025259311,None,273|Mesh|C|GleisabschnittA.001,273|Mesh|C|GleisabschnittA.001
107183,63736025259322,None,273|Mesh|C|GleisabschnittA.001,273|Mesh|C|GleisabschnittA.001
107192,63736025259333,None,273|Mesh|C|GleisabschnittA.001,273|Mesh|C|GleisabschnittA.001
107208,63736025259345,None,273|Mesh|C|GleisabschnittA.001,273|Mesh|C|GleisabschnittA.001
107208,63736025259356,None,273|Mesh|C|GleisabschnittA.001,273|Mesh|C|GleisabschnittA.001
107225,63736025259366,None,273|Mesh|C|GleisabschnittA.001,273|Mesh|C|GleisabschnittA.001
107242,63736025259377,None,273|Mesh|C|GleisabschnittA.001,273|Mesh|C|GleisabschnittA.001
107242,63736025259388,None,273|Mesh|C|GleisabschnittA.001,273|Mesh|C|GleisabschnittA.001
107258,63736025259399,None,273|Mesh|C|GleisabschnittA.001,None
107275,63736025259410,None,273|Mesh|C|GleisabschnittA.001,None
107292,63736025259421,None,273|Mesh|C|GleisabschnittA.001,273|Mesh|C|GleisabschnittA.001
107292,63736025259433,None,273|Mesh|C|GleisabschnittA.001,273|Mesh|C|GleisabschnittA.001
107308,63736025259443,None,273|Mesh|C|GleisabschnittA.001,273|Mesh|C|GleisabschnittA.001
107325,63736025259454,None,273|Mesh|C|GleisabschnittA.001,273|Mesh|C|GleisabschnittA.001
107325,63736025259465,None,273|Mesh|C|GleisabschnittA.001,273|Mesh|C|GleisabschnittA.001
107333,63736025259477,None,273|Mesh|C|GleisabschnittA.001,273|Mesh|C|GleisabschnittA.001
107350,63736025259487,None,None,None
107350,63736025259499,None,None,None
107367,63736025259510,Cube (1),Cube (1),Cube (1)
107383,63736025259522,Cube (1),Cube (1),Cube (1)
107400,63736025259533,Cube (1),Cube (1),Cube (1)
107400,63736025259544,Cube (1),Cube (1),Cube (1)
107417,63736025259555,Cube (1),Cube (1),Cube (1)
107433,63736025259566,Cube (1),Cube (1),Cube (1)
107433,63736025259578,Cube (1),Cube (1),Cube (1)
107450,63736025259588,Cube (1),Cube (1),Cube (1)
107467,63736025259600,Cube (1),Cube (1),Cube (1)
107467,63736025259610,Cube (1),Cube (1),Cube (1)
107483,63736025259622,Cube (1),Cube (1),Cube (1)
107500,63736025259633,Cube (1),Cube (1),Cube (1)
107500,63736025259644,Cube (1),Cube (1),Cube (1)
107517,63736025259655,Cube (1),Cube (1),Cube (1)
107533,63736025259667,Cube (1),Cube (1),Cube (1)
107542,63736025259678,Cube (1),Cube (1),Cube (1)
107542,63736025259688,Cube (1),Cube (1),Cube (1)
107558,63736025259700,Cube (1),Cube (1),Cube (1)
107575,63736025259710,Cube (1),Cube (1),Cube (1)
107575,63736025259721,Cube (1),Cube (1),Cube (1)
107592,63736025259734,Cube (1),Cube (1),Cube (1)
107608,63736025259744,Cube (1),Cube (1),Cube (1)
107608,63736025259754,Cube (1),Cube (1),Cube (1)
107625,63736025259765,Cube (1),Cube (1),Cube (1)
107642,63736025259776,Cube (1),Cube (1),Cube (1)
107650,63736025259788,Cube (1),Cube (1),Cube (1)
107650,63736025259799,Cube (1),Cube (1),Cube (1)
107675,63736025259810,Cube (1),Cube (1),Cube (1)
107683,63736025259822,Cube (1),Cube (1),Cube (1)
107683,63736025259832,Cube (1),Cube (1),Cube (1)
107700,63736025259844,Cube (1),Cube (1),Cube (1)
107717,63736025259856,Cube (1),Cube (1),Cube (1)
107717,63736025259866,Cube (1),Cube (1),Cube (1)
107733,63736025259877,Cube (1),Cube (1),Cube (1)
107750,63736025259888,None,None,None
107767,63736025259901,None,None,None
107767,63736025259912,None,None,None
107783,63736025259924,None,None,None
107800,63736025259934,None,None,None
107800,63736025259944,None,None,None
107816,63736025259956,None,None,None
107833,63736025259967,None,None,None
107833,63736025259978,None,None,None
107850,63736025259989,None,None,None
107875,63736025260000,None,None,None
107875,63736025260011,None,None,None
107883,63736025260022,None,None,None
107900,63736025260034,None,None,None
107908,63736025260044,None,None,None
107908,63736025260056,None,None,None
107925,63736025260067,None,None,None
107941,63736025260077,None,None,None
107950,63736025260090,None,None,None
107950,63736025260100,None,None,None
107958,63736025260112,None,None,None
107975,63736025260123,None,None,None
107975,63736025260134,None,None,None
107983,63736025260146,None,None,None
108008,63736025260156,None,None,None
108008,63736025260167,None,None,None
108016,63736025260178,None,None,None
108041,63736025260190,None,Cube (1),None
108058,63736025260201,Cube (1),Cube (1),Cube (1)
108058,63736025260211,Cube (1),Cube (1),Cube (1)
108066,63736025260223,Cube (1),6_DigitaleS-BahnAnzeige,Cube (1)
108075,63736025260234,Cube (1),6_DigitaleS-BahnAnzeige,Cube (1)
108075,63736025260245,Cube (1),6_DigitaleS-BahnAnzeige,Cube (1)
108091,63736025260256,Cube (1),Cube (1),Cube (1)
108116,63736025260268,Cube (1),6_DigitaleS-BahnAnzeige,Cube (1)
108116,63736025260278,Cube (1),6_DigitaleS-BahnAnzeige,Cube (1)
108133,63736025260289,Cube (1),Cube (1),Cube (1)
108141,63736025260300,Cube (1),Cube (1),Cube (1)
108141,63736025260311,Cube (1),Cube (1),Cube (1)
108166,63736025260322,Cube (1),Cube (1),Cube (1)
108175,63736025260332,Cube (1),Cube (1),Cube (1)
108200,63736025260343,Cube (1),Cube (1),Cube (1)
108200,63736025260355,Cube (1),Cube (1),Cube (1)
108208,63736025260366,Cube (1),Cube (1),Cube (1)
108233,63736025260376,Cube (1),Cube (1),Cube (1)
108233,63736025260388,Cube (1),Cube (1),Cube (1)
108241,63736025260399,Cube (1),Cube (1),Cube (1)
108258,63736025260410,Cube (1),Cube (1),Cube (1)
108275,63736025260422,Cube (1),Cube (1),Cube (1)
108275,63736025260432,Cube (1),Cube (1),Cube (1)
108283,63736025260443,Cube (1),Cube (1),Cube (1)
108308,63736025260454,Cube (1),Cube (1),Cube (1)
108308,63736025260465,Cube (1),Cube (1),Cube (1)
108316,63736025260477,Cube (1),Cube (1),Cube (1)
108341,63736025260488,None,LM_WerbungGroß,None
108341,63736025260498,None,LM_WerbungGroß,None
108350,63736025260509,None,None,None
108366,63736025260521,Bahnsteigkante,Bahnsteigkante,Bahnsteigkante
108383,63736025260532,None,PlaneSafety 1 (1),None
108383,63736025260543,None,PlaneSafety 1 (1),PlaneSafety 1 (1)
108391,63736025260554,Bahnsteigkante,PlaneSafety 1 (1),None
108408,63736025260566,None,None,None
108408,63736025260576,None,None,PlaneSafety 1 (1)
108425,63736025260588,None,PlaneSafety 1 (1),PlaneSafety 1 (1)
108433,63736025260599,None,PlaneSafety 1 (1),PlaneSafety 1 (1)
108450,63736025260611,None,PlaneSafety 1 (1),None
108450,63736025260622,None,PlaneSafety 1 (1),None
108475,63736025260632,None,None,PlaneSafety 1 (1)
108491,63736025260644,Blindenwege,PlaneSafety 1 (1),Bahnsteigkante
108491,63736025260654,Blindenwege,PlaneSafety 1 (1),Bahnsteigkante
108508,63736025260666,PlaneSafety 1 (1),None,PlaneSafety 1 (1)
108525,63736025260676,PlaneSafety 1 (1),None,PlaneSafety 1 (1)
108525,63736025260687,PlaneSafety 1 (1),PlaneSafety 1 (1),PlaneSafety 1 (1)
108525,63736025260698,PlaneSafety 1 (1),PlaneSafety 1 (1),PlaneSafety 1 (1)
108541,63736025260710,PlaneSafety 1 (1),PlaneSafety 1 (1),PlaneSafety 1 (1)
108541,63736025260723,PlaneSafety 1 (1),PlaneSafety 1 (1),None
108541,63736025260733,PlaneSafety 1 (1),PlaneSafety 1 (1),None
108566,63736025260744,DunkleFliesen,5_Bank (21),HelleFliesen
108566,63736025260756,Blindenwege,5_Bank (21),HelleFliesen
108566,63736025260766,Blindenwege,5_Bank (21),HelleFliesen
108600,63736025260777,HelleFliesen,HelleFliesen,HelleFliesen
108633,63736025260788,HelleFliesen,HelleFliesen,HelleFliesen
108650,63736025260798,HelleFliesen,HelleFliesen,HelleFliesen
108650,63736025260810,HelleFliesen,HelleFliesen,HelleFliesen
108666,63736025260823,HelleFliesen,HelleFliesen,HelleFliesen
108675,63736025260832,HelleFliesen,HelleFliesen,HelleFliesen
108675,63736025260843,HelleFliesen,HelleFliesen,HelleFliesen
108675,63736025260854,HelleFliesen,HelleFliesen,HelleFliesen
108691,63736025260865,HelleFliesen,HelleFliesen,HelleFliesen
108691,63736025260876,HelleFliesen,HelleFliesen,HelleFliesen
108691,63736025260887,HelleFliesen,HelleFliesen,HelleFliesen
108708,63736025260900,HelleFliesen,HelleFliesen,HelleFliesen
108708,63736025260910,DunkleFliesen,DunkleFliesen,Cube (1)
108708,63736025260922,DunkleFliesen,HelleFliesen,HelleFliesen
108708,63736025260932,HelleFliesen,HelleFliesen,HelleFliesen
108708,63736025260944,HelleFliesen,HelleFliesen,HelleFliesen
108708,63736025261050,HelleFliesen,HelleFliesen,HelleFliesen
108708,63736025261153,HelleFliesen,HelleFliesen,HelleFliesen
108741,63736025261820,HelleFliesen,HelleFliesen,HelleFliesen
108741,63736025261837,HelleFliesen,HelleFliesen,HelleFliesen
108741,63736025261848,HelleFliesen,HelleFliesen,HelleFliesen
108775,63736025261859,HelleFliesen,HelleFliesen,HelleFliesen
109724,63736025261871,Cube (1),Cube (1),Cube (1)
109741,63736025261882,Cube (1),Cube (1),Cube (1)
109741,63736025261892,Cube (1),Cube (1),Cube (1)
109749,63736025261904,Cube (1),Cube (1),Cube (1)
109766,63736025261916,None,Cube (1),Cube (1)
109766,63736025261928,None,Cube (1),Cube (1)
109791,63736025261939,None,None,None
109808,63736025261951,None,None,None
109833,63736025261962,HelleFliesen,HelleFliesen,HelleFliesen
109833,63736025261973,HelleFliesen,HelleFliesen,HelleFliesen
109849,63736025261983,HelleFliesen,HelleFliesen,HelleFliesen
109858,63736025261994,HelleFliesen,HelleFliesen,HelleFliesen
109858,63736025262005,HelleFliesen,HelleFliesen,HelleFliesen
109874,63736025262017,HelleFliesen,HelleFliesen,HelleFliesen
109891,63736025262028,HelleFliesen,HelleFliesen,HelleFliesen
109891,63736025262039,HelleFliesen,HelleFliesen,HelleFliesen
109908,63736025262050,HelleFliesen,HelleFliesen,HelleFliesen
109916,63736025262061,HelleFliesen,HelleFliesen,HelleFliesen
109933,63736025262072,HelleFliesen,HelleFliesen,HelleFliesen
109933,63736025262083,HelleFliesen,HelleFliesen,HelleFliesen
109949,63736025262095,HelleFliesen,HelleFliesen,HelleFliesen
109966,63736025262107,HelleFliesen,HelleFliesen,HelleFliesen
109966,63736025262117,HelleFliesen,HelleFliesen,HelleFliesen
109974,63736025262129,DunkleFliesen,HelleFliesen,HelleFliesen
109983,63736025262140,DunkleFliesen,HelleFliesen,HelleFliesen
109983,63736025262149,None,None,None
109983,63736025262159,None,None,None
110016,63736025262170,None,None,None
110016,63736025262181,None,None,None
110041,63736025262193,None,None,None
110049,63736025262204,None,None,None
110074,63736025262215,None,None,None
110074,63736025262227,None,None,None
110083,63736025262238,None,None,None
110099,63736025262248,None,None,None
110099,63736025262259,None,None,None
110116,63736025262270,None,None,None
110133,63736025262282,None,None,None
110133,63736025262292,None,None,None
110158,63736025262304,None,None,None
110166,63736025262314,None,None,None
110166,63736025262326,None,None,None
110174,63736025262337,None,None,None
110199,63736025262348,None,None,None
110208,63736025262359,None,None,None
110208,63736025262370,None,None,None
110224,63736025262381,None,None,None
110241,63736025262392,None,None,None
110241,63736025262403,None,None,None
110258,63736025262414,None,None,None
110274,63736025262425,None,None,None
110274,63736025262436,None,None,None
110299,63736025262447,None,None,None
110308,63736025262459,None,None,None
110308,63736025262470,None,None,None
110333,63736025262481,None,None,None
110341,63736025262493,None,None,None
110349,63736025262504,None,None,None
110349,63736025262515,None,None,None
110374,63736025262529,None,None,None
110383,63736025262542,None,None,None
110408,63736025262553,None,None,None
110408,63736025262565,None,None,None
110416,63736025262576,None,None,None
110433,63736025262588,None,None,None
110458,63736025262598,None,None,None
110458,63736025262610,None,None,None
110466,63736025262621,None,None,None
110483,63736025262633,None,None,None
110483,63736025262644,None,None,None
110491,63736025262654,None,None,None
110516,63736025262666,None,None,None
110533,63736025262677,None,None,None
110533,63736025262688,None,None,None
110541,63736025262699,None,None,None
110566,63736025262710,None,None,None
110566,63736025262721,None,None,None
110574,63736025262732,None,None,None
110599,63736025262743,None,None,None
110599,63736025262754,None,None,None
110608,63736025262765,None,None,None
110633,63736025262777,None,None,None
110633,63736025262787,None,None,None
110633,63736025262798,None,None,None
110641,63736025262809,None,None,None
110674,63736025262821,None,None,None
110674,63736025262832,None,None,None
110691,63736025262844,None,None,None
110691,63736025262854,None,None,None
110691,63736025262869,None,None,None
110691,63736025262973,None,None,None
110691,63736025263004,None,None,None
110691,63736025263012,None,None,None
110691,63736025263019,None,None,None
110691,63736025263036,None,None,None
110691,63736025263046,None,None,None
110691,63736025263058,None,None,None
110691,63736025263069,None,None,None
110691,63736025263080,None,None,None
110691,63736025263100,None,None,None
110691,63736025263131,None,None,None
110691,63736025263234,None,None,None
110691,63736025263337,None,None,None
111699,63736025263845,None,None,None
111716,63736025263858,None,None,None
111716,63736025263869,None,None,None
111741,63736025263880,None,None,None
111774,63736025263903,None,None,None
111791,63736025263926,None,None,None
111799,63736025263947,None,None,None
111816,63736025263971,None,None,None
111832,63736025263993,None,None,None
111857,63736025264014,None,None,None
111874,63736025264037,None,None,None
111891,63736025264059,None,None,None
111932,63736025264081,None,None,None
111941,63736025264103,None,None,None
111957,63736025264125,None,None,None
111999,63736025264149,None,None,None
112007,63736025264169,None,None,None
112032,63736025264192,None,None,None
112066,63736025264215,None,None,None
112074,63736025264236,None,None,None
112082,63736025264259,None,None,None
112107,63736025264281,None,None,None
112149,63736025264304,None,None,None
112149,63736025264326,None,None,None
112174,63736025264347,None,None,None
112207,63736025264370,None,None,None
112232,63736025264392,None,None,None
112241,63736025264403,None,None,None
112257,63736025264414,None,None,None
112257,63736025264425,None,None,None
112282,63736025264436,None,None,None
112299,63736025264447,None,None,None
112299,63736025264458,None,None,None
112307,63736025264469,None,None,None
112324,63736025264480,None,None,None
112324,63736025264492,None,None,None
112341,63736025264503,None,None,None
112349,63736025264514,None,None,None
112374,63736025264525,None,None,None
112374,63736025264536,None,None,None
112391,63736025264547,None,None,None
112399,63736025264559,None,None,None
112399,63736025264569,None,None,None
112415,63736025264580,None,None,None
112432,63736025264592,None,None,None
112432,63736025264603,None,None,None
112449,63736025264615,None,None,None
112465,63736025264625,None,None,None
112482,63736025264636,None,None,None
112482,63736025264647,None,None,None
112499,63736025264658,None,None,None
112515,63736025264669,None,None,None
112515,63736025264680,None,None,None
112540,63736025264691,None,None,None
112549,63736025264703,None,None,None
112549,63736025264714,None,None,None
112565,63736025264725,None,None,None
112582,63736025264736,None,None,None
112582,63736025264747,None,None,None
112599,63736025264758,None,None,None
112607,63736025264770,None,None,None
112624,63736025264781,None,None,None
112624,63736025264791,None,None,None
112649,63736025264807,None,None,None
112665,63736025264820,None,None,None
112674,63736025264831,None,None,None
112674,63736025264842,None,None,None
112690,63736025264853,None,None,None
112707,63736025264865,None,None,None
112707,63736025264875,None,None,None
112732,63736025264886,None,None,None
112740,63736025264897,None,None,None
112765,63736025264909,None,None,None
112765,63736025264920,None,None,None
112774,63736025264931,None,None,None
112799,63736025264942,None,None,None
112799,63736025264953,None,None,None
112807,63736025264965,None,None,None
112824,63736025264975,None,None,None
112824,63736025264987,None,None,None
112840,63736025264998,None,None,None
112849,63736025265009,None,None,None
112874,63736025265020,None,None,None
112874,63736025265031,None,None,None
112890,63736025265042,None,None,None
112899,63736025265054,None,None,None
112899,63736025265065,None,None,None
112915,63736025265076,None,None,None
112932,63736025265088,None,None,None
112932,63736025265098,None,None,None
112949,63736025265109,None,None,None
112965,63736025265120,None,None,None
112990,63736025265131,None,None,None
112990,63736025265142,None,None,None
112999,63736025265154,None,None,None
113007,63736025265165,None,None,None
113007,63736025265175,None,None,None
113032,63736025265186,None,None,None
113040,63736025265198,None,None,None
113040,63736025265209,None,None,None
113057,63736025265220,None,None,None
113057,63736025265231,None,None,None
113082,63736025265242,None,None,None
113082,63736025265253,None,None,None
113099,63736025265264,None,None,None
113132,63736025265275,None,None,None
113132,63736025265286,None,None,None
113140,63736025265298,None,None,None
113149,63736025265311,None,None,None
113174,63736025265321,None,None,None
113174,63736025265332,None,None,None
113182,63736025265343,None,None,None
113182,63736025265354,None,None,None
113182,63736025265365,None,None,None
113207,63736025265376,None,None,None
113240,63736025265386,None,None,None
113240,63736025265397,None,None,None
113249,63736025265409,None,None,None
113265,63736025265420,None,None,None
113265,63736025265430,None,None,None
113282,63736025265442,None,None,None
113307,63736025265453,None,None,None
113315,63736025265464,Bahnsteigkante,Bahnsteigkante,Bahnsteigkante
113315,63736025265475,Bahnsteigkante,Bahnsteigkante,Bahnsteigkante
113332,63736025265486,DunkleFliesen,Blindenwege,Blindenwege
113340,63736025265498,HelleFliesen,HelleFliesen,HelleFliesen
113340,63736025265508,HelleFliesen,HelleFliesen,HelleFliesen
113357,63736025265520,HelleFliesen,HelleFliesen,HelleFliesen
113382,63736025265532,HelleFliesen,HelleFliesen,HelleFliesen
113382,63736025265543,HelleFliesen,HelleFliesen,HelleFliesen
113399,63736025265553,HelleFliesen,HelleFliesen,HelleFliesen
113407,63736025265564,HelleFliesen,HelleFliesen,HelleFliesen
113424,63736025265575,HelleFliesen,HelleFliesen,HelleFliesen
113424,63736025265586,HelleFliesen,HelleFliesen,HelleFliesen
113440,63736025265597,HelleFliesen,HelleFliesen,HelleFliesen
113440,63736025265608,HelleFliesen,HelleFliesen,HelleFliesen
113440,63736025265619,HelleFliesen,HelleFliesen,HelleFliesen
113457,63736025265630,HelleFliesen,HelleFliesen,HelleFliesen
113499,63736025265642,HelleFliesen,HelleFliesen,HelleFliesen
113499,63736025265653,DunkleFliesen,DunkleFliesen,DunkleFliesen
113507,63736025265663,DunkleFliesen,DunkleFliesen,DunkleFliesen
113524,63736025265675,DunkleFliesen,DunkleFliesen,DunkleFliesen
113524,63736025265686,DunkleFliesen,DunkleFliesen,DunkleFliesen
113540,63736025265697,DunkleFliesen,DunkleFliesen,DunkleFliesen
113549,63736025265708,DunkleFliesen,DunkleFliesen,DunkleFliesen
113574,63736025265719,DunkleFliesen,DunkleFliesen,DunkleFliesen
113574,63736025265730,DunkleFliesen,DunkleFliesen,DunkleFliesen
113590,63736025265741,DunkleFliesen,HelleFliesen,HelleFliesen
113599,63736025265752,HelleFliesen,HelleFliesen,HelleFliesen
113599,63736025265763,HelleFliesen,HelleFliesen,HelleFliesen
113607,63736025265775,HelleFliesen,HelleFliesen,HelleFliesen
113640,63736025265786,HelleFliesen,HelleFliesen,HelleFliesen
113640,63736025265797,HelleFliesen,HelleFliesen,HelleFliesen
113649,63736025265808,HelleFliesen,HelleFliesen,HelleFliesen
113665,63736025265819,DunkleFliesen,HelleFliesen,HelleFliesen
113682,63736025265830,DunkleFliesen,HelleFliesen,DunkleFliesen
113682,63736025265841,DunkleFliesen,HelleFliesen,DunkleFliesen
113699,63736025265853,DunkleFliesen,HelleFliesen,DunkleFliesen
113715,63736025265864,DunkleFliesen,HelleFliesen,DunkleFliesen
113715,63736025265875,DunkleFliesen,HelleFliesen,DunkleFliesen
113732,63736025265886,DunkleFliesen,HelleFliesen,DunkleFliesen
113740,63736025265897,DunkleFliesen,HelleFliesen,DunkleFliesen
113740,63736025265909,DunkleFliesen,HelleFliesen,DunkleFliesen
113757,63736025265920,Blindenwege,DunkleFliesen,DunkleFliesen
113774,63736025265930,DunkleFliesen,Blindenwege,DunkleFliesen
113799,63736025265941,DunkleFliesen,DunkleFliesen,DunkleFliesen
113799,63736025265953,DunkleFliesen,DunkleFliesen,DunkleFliesen
113807,63736025265964,DunkleFliesen,DunkleFliesen,DunkleFliesen
113824,63736025265975,DunkleFliesen,DunkleFliesen,DunkleFliesen
113824,63736025265986,DunkleFliesen,DunkleFliesen,DunkleFliesen
113840,63736025265997,Bahnsteigkante,DunkleFliesen,Bahnsteigkante
113865,63736025266008,Bahnsteigkante,DunkleFliesen,Bahnsteigkante
113865,63736025266019,Bahnsteigkante,DunkleFliesen,Bahnsteigkante
113874,63736025266030,Bahnsteigkante,DunkleFliesen,Bahnsteigkante
113882,63736025266041,Bahnsteigkante,DunkleFliesen,Bahnsteigkante
113907,63736025266052,Bahnsteigkante,DunkleFliesen,Bahnsteigkante
113907,63736025266063,Bahnsteigkante,DunkleFliesen,Bahnsteigkante
113915,63736025266075,Bahnsteigkante,DunkleFliesen,Bahnsteigkante
113932,63736025266086,Bahnsteigkante,DunkleFliesen,Bahnsteigkante
113932,63736025266097,Bahnsteigkante,DunkleFliesen,Bahnsteigkante
113948,63736025266108,Bahnsteigkante,Bahnsteigkante,Bahnsteigkante
113973,63736025266119,Bahnsteigkante,Bahnsteigkante,Bahnsteigkante
113973,63736025266130,Bahnsteigkante,Bahnsteigkante,Bahnsteigkante
113982,63736025266141,Bahnsteigkante,DunkleFliesen,Bahnsteigkante
113998,63736025266153,Bahnsteigkante,DunkleFliesen,Bahnsteigkante
114015,63736025266164,None,None,None
114015,63736025266175,Bahnsteigkante,DunkleFliesen,Bahnsteigkante
114032,63736025266186,Bahnsteigkante,DunkleFliesen,Bahnsteigkante
114040,63736025266197,Bahnsteigkante,Bahnsteigkante,Bahnsteigkante
114040,63736025266208,Bahnsteigkante,Bahnsteigkante,Bahnsteigkante
114057,63736025266219,None,Bahnsteigkante,None
114057,63736025266230,None,Bahnsteigkante,None
114057,63736025266241,None,Bahnsteigkante,None
114090,63736025266252,None,None,None
114107,63736025266263,None,None,None
114107,63736025266274,None,None,None
114123,63736025266286,None,None,None
114140,63736025266297,None,None,None
114165,63736025266308,None,None,None
114165,63736025266319,None,None,None
114173,63736025266330,None,None,None
114190,63736025266342,None,None,None
114190,63736025266352,None,None,None
114207,63736025266363,None,None,None
114223,63736025266374,None,None,None
114223,63736025266385,None,None,None
114232,63736025266397,None,None,None
114265,63736025266408,None,None,None
114265,63736025266418,None,None,None
114273,63736025266430,None,None,None
114282,63736025266441,None,None,None
114307,63736025266452,None,None,None
114307,63736025266463,None,None,None
114315,63736025266475,None,None,None
114340,63736025266486,None,None,None
114340,63736025266496,None,None,None
114348,63736025266508,None,None,None
114365,63736025266519,None,None,None
114365,63736025266530,None,None,None
114382,63736025266541,None,None,None
114398,63736025266552,None,None,None
114415,63736025266563,None,None,None
114415,63736025266575,None,None,None
114432,63736025266585,None,None,None
114440,63736025266597,None,None,None
114440,63736025266608,None,None,None
114457,63736025266619,None,None,None
114482,63736025266630,None,None,None
114482,63736025266641,None,None,None
114498,63736025266652,None,None,None
114507,63736025266663,None,None,None
114507,63736025266674,None,None,None
114523,63736025266686,None,None,None
114548,63736025266696,None,None,None
114565,63736025266707,None,None,None
114565,63736025266718,None,None,None
114590,63736025266730,None,None,None
114607,63736025266740,None,None,None
114607,63736025266751,None,None,None
114623,63736025266763,None,None,None
114640,63736025266774,None,None,None
114640,63736025266785,None,None,None
114657,63736025266796,None,None,None
114673,63736025266807,None,None,None
114682,63736025266819,None,None,None
114682,63736025266830,None,None,None
114707,63736025266841,None,None,None
114715,63736025266852,None,None,None
114715,63736025266863,None,None,None
114740,63736025266874,None,None,None
114748,63736025266886,None,None,None
114748,63736025266897,None,None,None
114765,63736025266908,None,None,None
114782,63736025266919,None,None,None
114782,63736025266930,None,None,None
114798,63736025266942,None,None,None
114815,63736025266953,None,None,None
114832,63736025266964,None,None,None
114832,63736025266974,None,None,None
114848,63736025266986,None,None,None
114865,63736025266997,None,None,None
114865,63736025267008,None,None,None
114882,63736025267018,None,None,None
114898,63736025267031,None,None,None
114907,63736025267041,None,None,None
114907,63736025267052,None,None,None
114923,63736025267066,None,None,None
114940,63736025267074,None,None,None
114940,63736025267083,None,None,None
114957,63736025267094,None,None,None
114973,63736025267105,None,None,None
114973,63736025267116,None,None,None
114990,63736025267127,None,None,None
115007,63736025267138,None,None,None
115007,63736025267149,None,None,None
115015,63736025267161,None,None,None
115040,63736025267172,None,None,None
115040,63736025267183,None,None,None
115048,63736025267194,None,None,None
115073,63736025267205,None,None,None
115073,63736025267216,None,None,None
115082,63736025267227,None,None,None
115098,63736025267238,None,None,None
115115,63736025267250,None,None,None
115115,63736025267260,None,None,None
115132,63736025267273,None,None,None
115148,63736025267283,None,None,None
115148,63736025267294,None,None,None
115165,63736025267305,None,None,None
115182,63736025267317,None,None,None
115182,63736025267328,None,None,None
115198,63736025267340,None,None,None
115215,63736025267350,None,None,None
115215,63736025267361,None,None,None
115232,63736025267374,None,None,None
115248,63736025267384,None,None,None
115265,63736025267395,None,None,None
115265,63736025267406,None,None,None
115273,63736025267417,None,None,None
115290,63736025267429,None,None,None
115290,63736025267439,None,None,None
115307,63736025267451,None,None,None
115323,63736025267462,None,None,None
115340,63736025267473,None,None,None
115340,63736025267484,None,None,None
115357,63736025267495,None,None,None
115373,63736025267507,None,None,None
115373,63736025267517,None,None,None
115390,63736025267530,None,None,None
115407,63736025267540,None,None,None
115407,63736025267551,None,None,None
115415,63736025267563,None,None,None
115440,63736025267574,None,None,None
115465,63736025267586,None,None,None
115465,63736025267597,None,None,None
115473,63736025267608,None,None,None
115481,63736025267619,None,None,None
115481,63736025267630,None,None,None
115498,63736025267641,None,None,None
115515,63736025267652,None,None,None
115515,63736025267663,None,None,None
115531,63736025267674,None,None,None
115548,63736025267685,None,Bahnsteigkante,Bahnsteigkante
115565,63736025267697,Bahnsteigkante,Bahnsteigkante,Bahnsteigkante
115565,63736025267708,Bahnsteigkante,Bahnsteigkante,Bahnsteigkante
115573,63736025267721,Bahnsteigkante,Bahnsteigkante,Bahnsteigkante
115573,63736025267730,Bahnsteigkante,Bahnsteigkante,Bahnsteigkante
115573,63736025267741,Bahnsteigkante,Bahnsteigkante,Bahnsteigkante
115581,63736025267752,Bahnsteigkante,Bahnsteigkante,Bahnsteigkante
115615,63736025267763,None,Bahnsteigkante,Bahnsteigkante
115615,63736025267775,Bahnsteigkante,Bahnsteigkante,Bahnsteigkante
115631,63736025267786,Bahnsteigkante,Bahnsteigkante,Bahnsteigkante
115640,63736025267797,Bahnsteigkante,Bahnsteigkante,Bahnsteigkante
115640,63736025267808,Bahnsteigkante,Bahnsteigkante,Bahnsteigkante
115665,63736025267819,Bahnsteigkante,Bahnsteigkante,Bahnsteigkante
115673,63736025267830,None,Bahnsteigkante,Bahnsteigkante
115690,63736025267841,None,Bahnsteigkante,Bahnsteigkante
115690,63736025267852,None,Bahnsteigkante,Bahnsteigkante
115706,63736025267864,Bahnsteigkante,Bahnsteigkante,Bahnsteigkante
115715,63736025267876,None,Bahnsteigkante,Bahnsteigkante
115715,63736025267886,None,Bahnsteigkante,Bahnsteigkante
115731,63736025267897,None,Bahnsteigkante,Bahnsteigkante
115748,63736025267908,None,Bahnsteigkante,None
115765,63736025267919,None,Bahnsteigkante,Bahnsteigkante
115765,63736025267930,None,Bahnsteigkante,Bahnsteigkante
115773,63736025267941,None,None,None
115798,63736025267952,None,Bahnsteigkante,Bahnsteigkante
115798,63736025267964,Bahnsteigkante,Bahnsteigkante,Bahnsteigkante
115815,63736025267975,None,None,None
115831,63736025267987,None,None,None
115840,63736025268000,None,None,None
115840,63736025268010,None,None,None
115881,63736025268031,None,None,None
115881,63736025268043,None,None,None
115906,63736025268064,None,None,None
115931,63736025268078,None,None,41_Liniennetzplan (1)
115940,63736025268100,None,None,None
115965,63736025268126,None,None,None
115965,63736025268146,None,None,None
115998,63736025268169,None,None,None
116040,63736025268192,None,None,None
116056,63736025268217,None,HelleFliesen,Blindenwege
116081,63736025268250,DunkleFliesen,Bahnsteigkante,HelleFliesen
116106,63736025268273,HelleFliesen,HelleFliesen,HelleFliesen
116148,63736025268307,HelleFliesen,HelleFliesen,HelleFliesen
116173,63736025268340,HelleFliesen,HelleFliesen,HelleFliesen
116215,63736025268384,HelleFliesen,HelleFliesen,HelleFliesen
116281,63736025268430,LM_WerbungGroß,235_Mesh_B_DBServicestore,PlaneSafety 1 (1)
116315,63736025268476,LM_WerbungGroß,235_Mesh_B_DBServicestore,PlaneSafety 1 (1)
116356,63736025268519,LM_WerbungGroß,235_Mesh_B_DBServicestore,None
116398,63736025268564,None,5_Bank (13),5_Bank (10)
116456,63736025268608,None,235_Mesh_B_DBServicestore,235_Mesh_B_DBServicestore
116498,63736025268654,235_Mesh_B_DBServicestore,DunkleFliesen,235_Mesh_B_DBServicestore
116540,63736025268698,HelleFliesen,HelleFliesen,HelleFliesen
116581,63736025268741,DunkleFliesen,DunkleFliesen,DunkleFliesen
116623,63736025268786,DunkleFliesen,DunkleFliesen,DunkleFliesen
116673,63736025268831,HelleFliesen,HelleFliesen,HelleFliesen
116731,63736025268878,HelleFliesen,HelleFliesen,HelleFliesen
116773,63736025268923,HelleFliesen,HelleFliesen,HelleFliesen
116798,63736025268964,HelleFliesen,HelleFliesen,HelleFliesen
116840,63736025269008,HelleFliesen,HelleFliesen,HelleFliesen
116881,63736025269053,HelleFliesen,HelleFliesen,HelleFliesen
116948,63736025269100,HelleFliesen,HelleFliesen,HelleFliesen
116973,63736025269141,HelleFliesen,HelleFliesen,HelleFliesen
117023,63736025269186,HelleFliesen,HelleFliesen,HelleFliesen
117081,63736025269232,HelleFliesen,HelleFliesen,HelleFliesen
117131,63736025269274,HelleFliesen,HelleFliesen,HelleFliesen
117173,63736025269320,HelleFliesen,HelleFliesen,HelleFliesen
117198,63736025269365,HelleFliesen,HelleFliesen,HelleFliesen
117256,63736025269407,DunkleFliesen,DunkleFliesen,DunkleFliesen
117298,63736025269452,DunkleFliesen,DunkleFliesen,DunkleFliesen
117356,63736025269496,None,DunkleFliesen,DunkleFliesen
117381,63736025269540,None,DunkleFliesen,DunkleFliesen
117423,63736025269585,DunkleFliesen,DunkleFliesen,DunkleFliesen
117481,63736025269629,DunkleFliesen,DunkleFliesen,DunkleFliesen
117523,63736025269674,DunkleFliesen,DunkleFliesen,DunkleFliesen
117573,63736025269718,DunkleFliesen,DunkleFliesen,DunkleFliesen
117598,63736025269762,DunkleFliesen,DunkleFliesen,DunkleFliesen
117648,63736025269810,DunkleFliesen,DunkleFliesen,DunkleFliesen
117698,63736025269855,DunkleFliesen,DunkleFliesen,DunkleFliesen
117748,63736025269896,HelleFliesen,HelleFliesen,HelleFliesen
117781,63736025269940,HelleFliesen,HelleFliesen,HelleFliesen
117839,63736025269988,HelleFliesen,HelleFliesen,HelleFliesen
117864,63736025270030,HelleFliesen,HelleFliesen,HelleFliesen
117914,63736025270075,DunkleFliesen,HelleFliesen,HelleFliesen
117973,63736025270118,HelleFliesen,HelleFliesen,HelleFliesen
118014,63736025270163,HelleFliesen,HelleFliesen,HelleFliesen
118048,63736025270207,HelleFliesen,HelleFliesen,HelleFliesen
118089,63736025270252,HelleFliesen,HelleFliesen,HelleFliesen
118139,63736025270298,HelleFliesen,HelleFliesen,HelleFliesen
118189,63736025270343,HelleFliesen,HelleFliesen,HelleFliesen
118239,63736025270387,HelleFliesen,HelleFliesen,HelleFliesen
118273,63736025270431,HelleFliesen,HelleFliesen,HelleFliesen
118323,63736025270475,HelleFliesen,HelleFliesen,HelleFliesen
118373,63736025270521,HelleFliesen,HelleFliesen,HelleFliesen
118423,63736025270564,HelleFliesen,HelleFliesen,HelleFliesen
118456,63736025270609,HelleFliesen,HelleFliesen,HelleFliesen
118481,63736025270653,HelleFliesen,HelleFliesen,HelleFliesen
118539,63736025270699,HelleFliesen,HelleFliesen,HelleFliesen
118589,63736025270741,HelleFliesen,HelleFliesen,HelleFliesen
118639,63736025270785,HelleFliesen,HelleFliesen,HelleFliesen
118664,63736025270830,HelleFliesen,HelleFliesen,HelleFliesen
118714,63736025270875,HelleFliesen,HelleFliesen,HelleFliesen
118764,63736025270919,HelleFliesen,HelleFliesen,HelleFliesen
118806,63736025270964,HelleFliesen,HelleFliesen,HelleFliesen
118864,63736025271010,HelleFliesen,HelleFliesen,HelleFliesen
118881,63736025271052,HelleFliesen,HelleFliesen,HelleFliesen
118939,63736025271098,HelleFliesen,HelleFliesen,HelleFliesen
118989,63736025271143,HelleFliesen,HelleFliesen,HelleFliesen
119039,63736025271188,HelleFliesen,HelleFliesen,HelleFliesen
119072,63736025271230,HelleFliesen,HelleFliesen,HelleFliesen
119114,63736025271275,HelleFliesen,HelleFliesen,HelleFliesen
119172,63736025271319,HelleFliesen,HelleFliesen,HelleFliesen
119214,63736025271363,HelleFliesen,HelleFliesen,HelleFliesen
119256,63736025271408,HelleFliesen,HelleFliesen,HelleFliesen
119289,63736025271451,HelleFliesen,HelleFliesen,HelleFliesen
119339,63736025271496,HelleFliesen,HelleFliesen,HelleFliesen
119389,63736025271541,HelleFliesen,HelleFliesen,HelleFliesen
119439,63736025271586,HelleFliesen,HelleFliesen,HelleFliesen
119481,63736025271630,HelleFliesen,HelleFliesen,HelleFliesen
119522,63736025271674,HelleFliesen,HelleFliesen,HelleFliesen
119556,63736025271719,HelleFliesen,HelleFliesen,HelleFliesen
119606,63736025271763,HelleFliesen,HelleFliesen,HelleFliesen
119656,63736025271809,HelleFliesen,HelleFliesen,HelleFliesen
119697,63736025271853,HelleFliesen,HelleFliesen,HelleFliesen
119747,63736025271895,HelleFliesen,HelleFliesen,HelleFliesen
119797,63736025271943,HelleFliesen,HelleFliesen,HelleFliesen
119814,63736025271986,HelleFliesen,HelleFliesen,HelleFliesen
119872,63736025272033,HelleFliesen,HelleFliesen,HelleFliesen
119914,63736025272078,HelleFliesen,HelleFliesen,HelleFliesen
119972,63736025272118,HelleFliesen,HelleFliesen,HelleFliesen
119997,63736025272164,HelleFliesen,HelleFliesen,HelleFliesen
120047,63736025272207,HelleFliesen,HelleFliesen,HelleFliesen
120105,63736025272254,HelleFliesen,HelleFliesen,HelleFliesen
120147,63736025272297,HelleFliesen,HelleFliesen,HelleFliesen
120189,63736025272342,HelleFliesen,HelleFliesen,HelleFliesen
120230,63736025272385,HelleFliesen,HelleFliesen,HelleFliesen
120272,63736025272433,HelleFliesen,HelleFliesen,HelleFliesen
120322,63736025272475,HelleFliesen,HelleFliesen,HelleFliesen
120372,63736025272520,HelleFliesen,HelleFliesen,HelleFliesen
120414,63736025272563,HelleFliesen,HelleFliesen,HelleFliesen
120447,63736025272607,HelleFliesen,HelleFliesen,HelleFliesen
120489,63736025272652,HelleFliesen,HelleFliesen,HelleFliesen
120547,63736025272696,HelleFliesen,HelleFliesen,HelleFliesen
120572,63736025272740,HelleFliesen,HelleFliesen,HelleFliesen
120622,63736025272784,HelleFliesen,HelleFliesen,HelleFliesen
120672,63736025272830,HelleFliesen,HelleFliesen,HelleFliesen
120714,63736025272875,HelleFliesen,HelleFliesen,HelleFliesen
120764,63736025272919,HelleFliesen,HelleFliesen,HelleFliesen
120830,63736025272963,HelleFliesen,HelleFliesen,HelleFliesen
120847,63736025273008,HelleFliesen,HelleFliesen,HelleFliesen
120889,63736025273051,HelleFliesen,HelleFliesen,HelleFliesen
120947,63736025273098,HelleFliesen,HelleFliesen,HelleFliesen
120997,63736025273142,HelleFliesen,HelleFliesen,HelleFliesen
121030,63736025273185,HelleFliesen,HelleFliesen,HelleFliesen
121072,63736025273231,HelleFliesen,HelleFliesen,HelleFliesen
121114,63736025273273,HelleFliesen,HelleFliesen,HelleFliesen
121172,63736025273318,None,None,None
121214,63736025273364,None,None,None
121247,63736025273405,None,None,None
121289,63736025273452,None,None,None
121339,63736025273495,None,None,None
121380,63736025273540,None,None,None
121422,63736025273586,None,None,None
121472,63736025273630,None,None,None
121530,63736025273673,None,Station Name,Station Name
121555,63736025273719,None,Station Name,Station Name
121597,63736025273762,None,None,None
121655,63736025273806,Station Name,Station Name,Station Name
121688,63736025273852,Station Name,Station Name,Station Name
121738,63736025273897,None,None,None
121788,63736025273942,None,None,None
121838,63736025273981,None,None,None
121855,63736025274004,None,None,None
121855,63736025274023,None,None,None
121880,63736025274043,None,None,None
121913,63736025274061,None,None,None
121938,63736025274077,None,None,None
121955,63736025274098,None,None,None
121972,63736025274119,None,None,None
122005,63736025274141,None,None,None
122022,63736025274164,None,None,None
122055,63736025274186,None,None,None
122072,63736025274208,None,None,None
122088,63736025274231,None,None,None
122113,63736025274253,None,None,None
122130,63736025274275,None,None,None
122147,63736025274297,None,None,None
122147,63736025274319,None,None,None
122163,63736025274341,None,None,None
122213,63736025274364,None,None,None
122222,63736025274387,None,None,None
122255,63736025274409,None,None,None
122255,63736025274431,None,None,None
122280,63736025274442,None,None,None
122280,63736025274453,None,None,None
122305,63736025274464,None,None,None
122305,63736025274475,None,None,None
122305,63736025274486,None,None,None
122330,63736025274497,None,None,None
122355,63736025274508,None,None,None
122372,63736025274519,None,None,None
122372,63736025274530,None,None,None
122380,63736025274542,None,None,None
122405,63736025274553,None,None,None
122405,63736025274564,None,None,None
122413,63736025274575,None,None,None
122438,63736025274587,None,None,None
122438,63736025274597,None,None,None
122455,63736025274609,None,None,None
122472,63736025274620,None,None,None
122480,63736025274632,None,None,None
122480,63736025274643,None,None,None
122497,63736025274654,None,None,None
122505,63736025274665,None,None,None
122505,63736025274676,None,None,None
122522,63736025274688,Station Name,None,None
122538,63736025274699,None,None,None
122555,63736025274710,None,None,None
122555,63736025274721,None,Cube (1),Cube (1)
122572,63736025274732,Cube (1),Cube (1),Cube (1)
122580,63736025274744,Cube (1),Cube (1),Cube (1)
122580,63736025274756,Cube (1),Cube (1),Cube (1)
122613,63736025274766,Cube (1),Cube (1),Cube (1)
122622,63736025274777,Cube (1),Cube (1),Cube (1)
122638,63736025274789,Cube (1),Cube (1),Cube (1)
122638,63736025274801,Cube (1),Cube (1),Cube (1)
122655,63736025274813,Cube (1),Cube (1),Cube (1)
122663,63736025274825,Cube (1),Cube (1),Cube (1)
122688,63736025274837,Cube (1),Cube (1),Cube (1)
122688,63736025274848,Cube (1),Cube (1),Cube (1)
122705,63736025274859,Cube (1),Cube (1),Cube (1)
122722,63736025274871,6_DigitaleS-BahnAnzeige,Cube (1),6_DigitaleS-BahnAnzeige
122722,63736025274882,6_DigitaleS-BahnAnzeige,Cube (1),6_DigitaleS-BahnAnzeige
122722,63736025274893,6_DigitaleS-BahnAnzeige,Cube (1),6_DigitaleS-BahnAnzeige
122738,63736025274905,6_DigitaleS-BahnAnzeige,6_DigitaleS-BahnAnzeige,6_DigitaleS-BahnAnzeige
122772,63736025274915,6_DigitaleS-BahnAnzeige,6_DigitaleS-BahnAnzeige,6_DigitaleS-BahnAnzeige
122772,63736025274927,6_DigitaleS-BahnAnzeige,6_DigitaleS-BahnAnzeige,6_DigitaleS-BahnAnzeige
122797,63736025274937,6_DigitaleS-BahnAnzeige,6_DigitaleS-BahnAnzeige,6_DigitaleS-BahnAnzeige
122805,63736025274949,6_DigitaleS-BahnAnzeige,6_DigitaleS-BahnAnzeige,6_DigitaleS-BahnAnzeige
122805,63736025274960,6_DigitaleS-BahnAnzeige,6_DigitaleS-BahnAnzeige,6_DigitaleS-BahnAnzeige
122813,63736025274971,6_DigitaleS-BahnAnzeige,6_DigitaleS-BahnAnzeige,6_DigitaleS-BahnAnzeige
122830,63736025274982,6_DigitaleS-BahnAnzeige,6_DigitaleS-BahnAnzeige,6_DigitaleS-BahnAnzeige
122830,63736025274993,6_DigitaleS-BahnAnzeige,6_DigitaleS-BahnAnzeige,6_DigitaleS-BahnAnzeige
122838,63736025275004,6_DigitaleS-BahnAnzeige,6_DigitaleS-BahnAnzeige,6_DigitaleS-BahnAnzeige
122855,63736025275016,6_DigitaleS-BahnAnzeige,6_DigitaleS-BahnAnzeige,6_DigitaleS-BahnAnzeige
122872,63736025275027,6_DigitaleS-BahnAnzeige,6_DigitaleS-BahnAnzeige,6_DigitaleS-BahnAnzeige
122872,63736025275038,6_DigitaleS-BahnAnzeige,6_DigitaleS-BahnAnzeige,6_DigitaleS-BahnAnzeige
122888,63736025275049,6_DigitaleS-BahnAnzeige,6_DigitaleS-BahnAnzeige,6_DigitaleS-BahnAnzeige
122913,63736025275060,6_DigitaleS-BahnAnzeige,6_DigitaleS-BahnAnzeige,6_DigitaleS-BahnAnzeige
122913,63736025275072,6_DigitaleS-BahnAnzeige,6_DigitaleS-BahnAnzeige,6_DigitaleS-BahnAnzeige
122930,63736025275082,6_DigitaleS-BahnAnzeige,6_DigitaleS-BahnAnzeige,6_DigitaleS-BahnAnzeige
122938,63736025275093,6_DigitaleS-BahnAnzeige,6_DigitaleS-BahnAnzeige,6_DigitaleS-BahnAnzeige
122947,63736025275106,6_DigitaleS-BahnAnzeige,6_DigitaleS-BahnAnzeige,6_DigitaleS-BahnAnzeige
122947,63736025275116,6_DigitaleS-BahnAnzeige,6_DigitaleS-BahnAnzeige,6_DigitaleS-BahnAnzeige
122972,63736025275127,6_DigitaleS-BahnAnzeige,6_DigitaleS-BahnAnzeige,6_DigitaleS-BahnAnzeige
122988,63736025275137,6_DigitaleS-BahnAnzeige,6_DigitaleS-BahnAnzeige,6_DigitaleS-BahnAnzeige
122988,63736025275148,6_DigitaleS-BahnAnzeige,6_DigitaleS-BahnAnzeige,6_DigitaleS-BahnAnzeige
123013,63736025275160,6_DigitaleS-BahnAnzeige,6_DigitaleS-BahnAnzeige,6_DigitaleS-BahnAnzeige
123030,63736025275171,6_DigitaleS-BahnAnzeige,6_DigitaleS-BahnAnzeige,6_DigitaleS-BahnAnzeige
123030,63736025275183,6_DigitaleS-BahnAnzeige,6_DigitaleS-BahnAnzeige,6_DigitaleS-BahnAnzeige
123038,63736025275193,6_DigitaleS-BahnAnzeige,6_DigitaleS-BahnAnzeige,6_DigitaleS-BahnAnzeige
123047,63736025275204,6_DigitaleS-BahnAnzeige,6_DigitaleS-BahnAnzeige,6_DigitaleS-BahnAnzeige
123072,63736025275216,6_DigitaleS-BahnAnzeige,6_DigitaleS-BahnAnzeige,6_DigitaleS-BahnAnzeige
123072,63736025275225,6_DigitaleS-BahnAnzeige,6_DigitaleS-BahnAnzeige,6_DigitaleS-BahnAnzeige
123080,63736025275237,6_DigitaleS-BahnAnzeige,6_DigitaleS-BahnAnzeige,6_DigitaleS-BahnAnzeige
123088,63736025275248,6_DigitaleS-BahnAnzeige,6_DigitaleS-BahnAnzeige,6_DigitaleS-BahnAnzeige
123088,63736025275258,6_DigitaleS-BahnAnzeige,6_DigitaleS-BahnAnzeige,6_DigitaleS-BahnAnzeige
123113,63736025275270,6_DigitaleS-BahnAnzeige,6_DigitaleS-BahnAnzeige,6_DigitaleS-BahnAnzeige
123122,63736025275281,Cube (1),Cube (1),Cube (1)
123122,63736025275292,Cube (1),Cube (1),Cube (1)
123147,63736025275303,None,Cube (1),None
123163,63736025275314,None,Cube (1),None
123163,63736025275325,None,None,None
123180,63736025275336,None,None,None
123188,63736025275347,None,None,None
123188,63736025275357,None,None,None
123205,63736025275368,None,None,None
123221,63736025275379,41_Liniennetzplan,None,None
123221,63736025275391,None,None,None
123221,63736025275402,None,None,None
123246,63736025275413,None,None,None
123271,63736025275424,None,None,None
123271,63736025275435,None,None,None
123288,63736025275448,None,None,None
123313,63736025275458,None,None,None
123313,63736025275468,None,None,None
123330,63736025275479,None,None,None
123346,63736025275490,None,None,None
123363,63736025275501,None,None,None
123363,63736025275513,Bahnsteigkante,None,None
123380,63736025275523,None,None,None
123396,63736025275535,Bahnsteigkante,None,Bahnsteigkante
123396,63736025275546,DunkleFliesen,None,DunkleFliesen
123413,63736025275557,Bahnsteigkante,None,Bahnsteigkante
123438,63736025275568,Bahnsteigkante,DunkleFliesen,DunkleFliesen
123438,63736025275580,DunkleFliesen,HelleFliesen,HelleFliesen
123446,63736025275593,Blindenwege,None,Blindenwege
123463,63736025275607,HelleFliesen,HelleFliesen,HelleFliesen
123480,63736025275627,HelleFliesen,HelleFliesen,HelleFliesen
123513,63736025275651,HelleFliesen,HelleFliesen,HelleFliesen
123530,63736025275676,HelleFliesen,HelleFliesen,HelleFliesen
123555,63736025275701,HelleFliesen,HelleFliesen,HelleFliesen
123588,63736025275737,HelleFliesen,HelleFliesen,HelleFliesen
123605,63736025275770,HelleFliesen,HelleFliesen,HelleFliesen
123646,63736025275804,HelleFliesen,HelleFliesen,HelleFliesen
123680,63736025275839,HelleFliesen,HelleFliesen,HelleFliesen
123738,63736025275883,HelleFliesen,HelleFliesen,HelleFliesen
123755,63736025275926,HelleFliesen,HelleFliesen,HelleFliesen
123813,63736025275975,HelleFliesen,HelleFliesen,HelleFliesen
123871,63736025276016,HelleFliesen,HelleFliesen,HelleFliesen
123921,63736025276060,HelleFliesen,HelleFliesen,HelleFliesen
123955,63736025276104,HelleFliesen,HelleFliesen,HelleFliesen
123988,63736025276149,HelleFliesen,HelleFliesen,HelleFliesen
124013,63736025276192,HelleFliesen,HelleFliesen,HelleFliesen
124088,63736025276240,HelleFliesen,HelleFliesen,HelleFliesen
124138,63736025276282,HelleFliesen,HelleFliesen,HelleFliesen
124171,63736025276328,HelleFliesen,HelleFliesen,HelleFliesen
124205,63736025276373,HelleFliesen,HelleFliesen,HelleFliesen
124263,63736025276417,HelleFliesen,HelleFliesen,HelleFliesen
124313,63736025276461,HelleFliesen,HelleFliesen,HelleFliesen
124346,63736025276507,HelleFliesen,HelleFliesen,HelleFliesen
124396,63736025276551,HelleFliesen,HelleFliesen,HelleFliesen
124421,63736025276596,HelleFliesen,HelleFliesen,HelleFliesen
124488,63736025276640,None,None,None
124530,63736025276685,Cube,Cube,Cube
124580,63736025276730,Cube,Cube,Cube
124613,63736025276773,Cube,Cube,Cube
124663,63736025276818,Cube,Cube,Cube
124704,63736025276864,Cube,Cube,Cube
124746,63736025276907,Cube,None,Cube
124788,63736025276950,Cube,Cube,Cube
124829,63736025276996,Cube,Cube,41_Liniennetzplan (3)
124871,63736025277038,Cube,Cube,Cube
124929,63736025277083,None,None,None
124979,63736025277126,None,None,None
125013,63736025277171,None,None,None
125046,63736025277189,None,None,None
125046,63736025277204,None,None,None
125088,63736025277221,None,None,None
125096,63736025277242,None,None,None
125121,63736025277264,None,None,None
125154,63736025277286,None,None,None
125171,63736025277307,None,None,None
125188,63736025277330,None,None,None
125213,63736025277352,None,None,None
125238,63736025277375,None,None,None
125246,63736025277396,None,None,None
125279,63736025277420,None,None,None
125296,63736025277441,None,None,None
125329,63736025277464,None,Station Name,None
125346,63736025277486,None,Station Name,None
125379,63736025277508,None,None,None
125388,63736025277530,None,None,None
125404,63736025277552,None,None,None
125421,63736025277575,None,None,None
125438,63736025277597,None,None,None
125446,63736025277607,None,None,None
125463,63736025277619,None,None,None
125463,63736025277630,None,None,None
125488,63736025277641,None,None,None
125504,63736025277653,None,None,None
125504,63736025277664,None,None,None
125513,63736025277675,Station Name,None,None
125529,63736025277686,None,Station Name,None
125529,63736025277697,None,Station Name,None
125529,63736025277709,None,Station Name,None
125554,63736025277719,Cube (1),Cube (1),Cube (1)
125554,63736025277731,Cube (1),Cube (1),Cube (1)
125579,63736025277741,None,None,None
125579,63736025277753,None,None,None
125604,63736025277764,None,None,None
125604,63736025277775,None,None,None
125604,63736025277786,None,None,None
125638,63736025277797,None,None,None
125638,63736025277808,None,None,None
125671,63736025277819,None,None,None
125679,63736025277832,None,None,None
125679,63736025277841,None,None,None
125688,63736025277852,None,None,None
125704,63736025277863,None,None,None
125704,63736025277874,None,None,None
125721,63736025277885,273|Mesh|C|GleisabschnittA.001,273|Mesh|C|GleisabschnittA.001,273|Mesh|C|GleisabschnittA.001
125721,63736025277897,None,None,None
125746,63736025277908,None,None,None
125746,63736025277919,None,None,None
125771,63736025277930,None,None,None
125788,63736025277940,None,None,None
125788,63736025277952,None,None,None
125813,63736025277964,None,None,None
125821,63736025277976,None,None,None
125838,63736025277988,None,None,None
125838,63736025278000,None,None,None
125854,63736025278012,None,None,None
125871,63736025278024,None,None,None
125879,63736025278036,None,None,None
125879,63736025278046,None,None,None
125904,63736025278058,None,273|Mesh|C|GleisabschnittA.001,273|Mesh|C|GleisabschnittA.001
125913,63736025278073,None,273|Mesh|C|GleisabschnittA.001,273|Mesh|C|GleisabschnittA.001
125913,63736025278080,None,273|Mesh|C|GleisabschnittA.001,273|Mesh|C|GleisabschnittA.001
125929,63736025278090,None,None,None
125946,63736025278102,None,None,None
125946,63736025278112,None,None,None
125971,63736025278124,None,None,None
125979,63736025278135,None,None,None
125996,63736025278146,None,None,None
125996,63736025278157,None,None,None
126004,63736025278168,None,None,None
126038,63736025278180,None,None,None
126038,63736025278190,None,None,None
126046,63736025278201,None,None,None
126054,63736025278213,None,None,None
126071,63736025278224,None,None,None
126071,63736025278235,None,None,None
126079,63736025278246,None,None,None
126104,63736025278257,None,None,None
126104,63736025278269,None,None,None
126113,63736025278279,None,None,None
126138,63736025278290,None,None,None
126138,63736025278301,None,None,None
126154,63736025278312,None,None,None
126171,63736025278323,None,None,None
126171,63736025278334,None,None,None
126188,63736025278345,None,None,None
126204,63736025278356,None,None,None
126213,63736025278367,None,None,None
126213,63736025278379,None,None,None
126229,63736025278390,None,None,None
126246,63736025278401,None,None,None
126246,63736025278412,None,None,None
126271,63736025278423,None,None,None
126296,63736025278435,None,None,None
126296,63736025278446,None,None,None
126304,63736025278458,None,None,None
126329,63736025278471,None,None,None
126346,63736025278484,None,None,None
126362,63736025278504,None,None,None
126387,63736025278528,None,None,None
126404,63736025278550,None,None,None
126421,63736025278575,None,None,None
126421,63736025278598,None,None,None
126446,63736025278620,None,None,None
126487,63736025278644,None,None,None
126504,63736025278669,Bahnsteigkante,None,Bahnsteigkante
